# Global Fire Emissions Database version 4.1 including small fire burned area (GFED4s)  
# Estimates for 2017 onwards based on relations between active fires and emissions  
# DM emissions estimates in 1E12 g DM for the globe, different regions, and different fire types 

All fire types combined: 

                                                                               Year                                                                 (Beta) (Beta)  '97-'18  
Region   1997   1998   1999   2000   2001   2002   2003   2004   2005   2006   2007   2008   2009   2010   2011   2012   2013   2014   2015   2016   2017   2018 |    Mean 
BONA       55    190     78     44     25    177    110    209    142    102     78     63     84    150    101    103    205    235    271     78    167     94 |     126 
TENA       22     26     41     43     22     36     33     25     30     40     56     42     29     32     39     50     32     36     62     40     59     53 |      39 
CEAM       44    361     51    117     33     44    132     31    106     57     65     57     65     41     92     35     79     31     45     54     65     49 |      76 
NHSA       73    102     56     74     77     46    121     66     49     42     85     51     56     62     27     37     41     66     61    103     43     68 |      64 
SHSA      684    884    810    369    369    644    516    752    918    434   1109    388    213   1144    307    594    285    404    543    511    551    321 |     580 
EURO       15     17     12     39     22     10     19     14     17     14     19     16     10     10     14     22     10      9      7     11     19      8 |      16 
MIDE        1      5      3      3      2      2      3      3      3      3      4      2      4      5      4      4      3      3      5      4      4      2 |       4 
NHAF     1014   1320   1077   1144    972   1021    928    856   1049    832    914    923    808    736    843    758    802    756    778    932    803    814 |     913 
SHAF     1272   1490   1269   1193   1586   1315   1391   1385   1456   1368   1300   1395   1393   1499   1440   1314   1422   1304   1309   1306   1341   1321 |    1367 
BOAS      200    596    212    233    211    340    588     95    139    281    123    381    141    186    216    450    174    272    221    311    162    293 |     265 
TEAS      176    161    106     97    120    157    115    135    129    142    141    164    141    116     89     98     73    134    150     74    117     75 |     124 
SEAS      171    362    285    212    135    155    180    346    260    201    338    151    244    299    166    236    228    282    236    227    167    181 |     231 
EQAS     2111    231    167     65     70    508    137    343    159    686     60     48    374     36    153    153    119    407    755     50     43    118 |     309 
AUST      212    195    390    252    370    327    244    257    143    270    216    141    225     86    337    343    158    228    195    133    201    241 |     235 
Global   6058   5951   4565   3891   4024   4790   4525   4525   4610   4480   4516   3833   3793   4411   3836   4204   3638   4174   4646   3840   3749   3643 |    4351 


Savanna, grassland, and shrubland fires: 

BONA        0      1      0      0      0      0      0      0      0      0      0      0      0      0      0      0      0      0      0      0      0      0 |       0 
TENA        8     10     12     18      7     13     10      9     13     15     15     12     10      9     15     16      8      9     15     14     14     21 |      13 
CEAM       23    132     27     60     18     23     52     14     50     26     29     29     29     23     44     20     33     17     20     25     31     24 |      35 
NHSA       51     68     43     57     54     39     67     53     39     35     57     39     44     41     24     29     32     50     44     56     34     50 |      46 
SHSA      412    426    414    176    266    380    279    342    364    203    470    212    127    470    165    318    160    199    243    235    278    165 |     287 
EURO        4      6      3     11      3      2      7      2      8      3      7      2      2      3      3      6      3      1      2      4      7      1 |       5 
MIDE        0      2      1      2      0      1      1      1      1      1      2      1      1      1      1      1      0      1      1      1      1      0 |       1 
NHAF      907   1120    951    980    865    905    847    768    916    724    798    830    726    654    745    675    722    678    675    802    714    726 |     806 
SHAF     1216   1424   1218   1132   1440   1183   1282   1258   1320   1239   1218   1283   1287   1376   1339   1226   1303   1203   1195   1187   1240   1218 |    1264 
BOAS        6      6      4      4      4      2      7      8      4     12      2     10      5      4      3      3      1      4      3      1      2      2 |       5 
TEAS       52     45     27     28     30     65     39     45     45     48     36     32     26     45     27     31     15     38     41     21     41     21 |      37 
SEAS      107    201    147    124     91     99    116    189    150    116    174     96    125    140     84    117     94    127    115    102     90     95 |     123 
EQAS      205     53     28     12     16     67     27     53     19     59     21     18     31     16     20     18     17     33     60     12     10     18 |      37 
AUST      170    163    354    226    333    268    138    241    129    208    191    131    187     78    320    324    123    200    172    115    182    221 |     204 
Global   3168   3666   3235   2836   3134   3054   2877   2989   3064   2696   3024   2700   2606   2866   2797   2790   2517   2565   2594   2581   2652   2569 |    2863 


Boreal forest fires: 

BONA       39    159     65     34     15    159     92    198    130     91     71     57     73    132     92     88    187    206    245     66    143     77 |     110 
TENA        0      0      0      0      0      0      0      0      0      0      0      0      0      0      0      0      0      0      0      0      0      0 |       0 
CEAM        0      0      0      0      0      0      0      0      0      0      0      0      0      0      0      0      0      0      0      0      0      0 |       0 
NHSA        0      0      0      0      0      0      0      0      0      0      0      0      0      0      0      0      0      0      0      0      0      0 |       0 
SHSA        0      0      0      0      0      0      0      0      0      0      0      0      0      0      0      0      0      0      0      0      0      0 |       0 
EURO        0      0      0      0      0      0      0      0      0      0      0      0      0      0      0      0      0      0      0      0      0      0 |       0 
MIDE        0      0      0      0      0      0      0      0      0      0      0      0      0      0      0      0      0      0      0      0      0      0 |       0 
NHAF        0      0      0      0      0      0      0      0      0      0      0      0      0      0      0      0      0      0      0      0      0      0 |       0 
SHAF        0      0      0      0      0      0      0      0      0      0      0      0      0      0      0      0      0      0      0      0      0      0 |       0 
BOAS      141    510    163    189    166    295    511     52     97    187     86    284     98    110    177    409    158    214    181    281    137    263 |     215 
TEAS       32     25     11     17      5     23     26     10      3     19     25     19     21      4      6     18      2      4     17      2      9      5 |      14 
SEAS        0      0      0      0      0      0      0      0      0      0      0      0      0      0      0      0      0      0      0      0      0      0 |       0 
EQAS        0      0      0      0      0      0      0      0      0      0      0      0      0      0      0      0      0      0      0      0      0      0 |       0 
AUST        0      0      0      0      0      0      0      0      0      0      0      0      0      0      0      0      0      0      0      0      0      0 |       0 
Global    213    695    240    241    188    479    630    260    231    298    182    363    194    247    277    516    349    424    444    350    291    346 |     340 


Temperate forest fires: 

BONA       11     12      5      2      5      4      7      1      2      4      2      1      4      9      2      3      2      7      5      4     14     12 |       6 
TENA        8     10     22     18      9     19     14      7      9     17     31     21      9      7     14     28     18     20     36     17     36     24 |      18 
CEAM        0      5      2      2      0      0      0      0      0      2      1      3      0      0      2      2      1      0      0      1      1      1 |       1 
NHSA        0      0      0      0      0      0      0      0      0      0      0      0      0      0      0      0      0      0      0      0      0      0 |       0 
SHSA       15     13     18     12      8     11     13     12      8      7     10      9     10     10      9      9     10      7      8      8     11      6 |      11 
EURO        2      2      1      3      1      1      3      0      2      2      2      1      1      0      2      3      1      1      1      1      3      0 |       2 
MIDE        0      0      0      0      0      0      0      0      0      0      0      0      0      0      0      0      0      0      0      0      0      0 |       0 
NHAF        0      0      0      0      0      0      0      0      0      0      0      0      0      0      0      0      0      0      0      0      0      0 |       0 
SHAF        1      2      1      0      1      0      1      0      1      0      1      0      0      1      0      0      0      0      0      1      1      2 |       1 
BOAS        9      7      9      2      4     10      2      5      2     15      3      6      6     22      3      2      1      7      3      2      2      4 |       6 
TEAS       24     27     22     11     13      9      9     16     11     12     12     18     22     19     16     10     14     18     14      9      9      9 |      15 
SEAS       11     16     31     18     13      6     16     16     15     17     13     12     22     18     10     21     16     24     11     17     10     12 |      16 
EQAS        0      0      0      0      0      0      0      0      0      0      0      0      0      0      0      0      0      0      0      0      0      0 |       0 
AUST       35     25     23     20     23     47     95      6      4     52     22      5     23      5      5      8     24     16      9     11      7      8 |      22 
Global    121    123    139     93     81    113    165     67     59    133    103     81    102     97     66     92     89    105     92     75    100     82 |     100 


Tropical deforestation & degradation: 

BONA        0      0      0      0      0      0      0      0      0      0      0      0      0      0      0      0      0      0      0      0      0      0 |       0 
TENA        0      0      0      0      0      0      0      0      0      0      0      0      0      0      0      0      0      0      0      0      0      0 |       0 
CEAM       12    184     11     34      8     12     64      4     40     16     21     14     23      5     33      5     32      5     15     18     20     14 |      27 
NHSA       17     28      9     13     18      4     49     10      6      3     22      7      6     17      1      5      7     12     13     43      6     15 |      15 
SHSA      231    417    350    163     81    233    206    377    528    205    607    148     58    644    117    246     95    180    272    246    247    138 |     264 
EURO        0      0      0      0      0      0      0      0      0      0      0      0      0      0      0      0      0      0      0      0      0      0 |       0 
MIDE        0      0      0      0      0      0      0      0      0      0      0      0      0      0      0      0      0      0      0      0      0      0 |       0 
NHAF       34    124     60     93     46     51     37     31     50     38     48     28     28     24     42     29     28     32     49     71     37     38 |      47 
SHAF       17     18     12     28     86     81     71     81     85     84     48     80     75     86     67     54     84     71     81     86     65     64 |      65 
BOAS        0      0      0      0      0      0      0      0      0      0      0      0      0      0      0      0      0      0      0      0      0      0 |       0 
TEAS        4      6      4      2      1      0      3      9      3      1      4      2      3      6      0      1      0      1      0      0      1      1 |       3 
SEAS       33    120     83     51     24     37     34    120     66     50    131     30     69    119     53     76     95    106     82     80     48     53 |      71 
EQAS      929    153    102     44     25    252     63    183     67    298     29     19    155     15     64     67     56    190    333     26     23     63 |     144 
AUST        2      3      6      2      6      6      7      4      5      4      1      3     10      0      5      6      7      7     10      4      5      7 |       6 
Global   1283   1056    641    435    298    680    540    822    854    703    915    335    430    920    387    492    408    608    859    578    456    396 |     641 


Peat fires: 

BONA        2      9      4      1      1     10     10      7      8      5      4      3      3      7      5      8     14     19     17      6      7      3 |       7 
TENA        0      0      0      0      0      0      0      0      0      0      0      0      0      0      0      0      0      0      0      0      0      0 |       0 
CEAM        0      0      0      0      0      0      0      0      0      0      0      0      0      0      0      0      0      0      0      0      0      0 |       0 
NHSA        0      0      0      0      0      0      0      0      0      0      0      0      0      0      0      0      0      0      0      0      0      0 |       0 
SHSA        0      0      0      0      0      0      0      0      0      0      0      0      0      0      0      0      0      0      0      0      0      0 |       0 
EURO        0      0      0      0      0      0      0      0      0      0      0      0      0      0      0      0      0      0      0      0      0      0 |       0 
MIDE        0      0      0      0      0      0      0      0      0      0      0      0      0      0      0      0      0      0      0      0      0      0 |       0 
NHAF        0      0      0      0      0      0      0      0      0      0      0      0      0      0      0      0      0      0      0      0      0      0 |       0 
SHAF        0      0      0      0      0      0      0      0      0      0      0      0      0      0      0      0      0      0      0      0      0      0 |       0 
BOAS        1      5      2      3      5      3      9      1      2      2      1      4      2      5      1      7      4      2      1      6      1      4 |       4 
TEAS        0      0      0      0      0      0      0      0      0      0      0      0      0      0      0      0      0      0      0      0      0      0 |       0 
SEAS        0      0      0      0      0      0      0      0      0      0      0      0      0      0      0      0      0      0      0      0      0      0 |       0 
EQAS      933     15     30      5     24    172     40     95     67    315      5      4    179      1     63     62     41    177    353      9      6     32 |     120 
AUST        0      0      0      0      0      0      0      0      0      0      0      0      0      0      0      0      0      0      0      0      0      0 |       0 
Global    937     30     37     10     31    187     60    104     77    322     11     12    186     15     70     78     59    199    373     22     15     39 |     131 


Agricultural waste burning: 

BONA        2      7      2      5      2      1      0      1      1      0      0      0      1      1      1      2      1      2      1      1      2      1 |       2 
TENA        5      6      6      6      6      3      8      9      7      7      9      7      8     15      9      6      5      6     10      7      8      6 |       8 
CEAM        8     39      9     20      6      8     14     12     15     12     12     10     12     10     12      7     12      6      9      9     11      8 |      12 
NHSA        4      5      3      3      5      2      4      3      3      3      5      3      5      4      1      2      2      4      4      3      2      3 |       4 
SHSA       25     26     27     16     13     18     17     19     16     17     20     18     17     19     14     20     19     16     18     20     14     11 |      19 
EURO        8      8      7     24     17      5      8     10      7      8      9     12      6      6      9     13      6      6      3      5      8      5 |       9 
MIDE        1      3      2      1      2      1      2      2      2      2      2      1      3      3      2      2      2      2      3      2      2      1 |       2 
NHAF       71     75     64     69     60     64     44     56     82     69     67     65     53     57     55     53     52     45     53     58     51     49 |      60 
SHAF       37     45     37     32     57     49     35     45     48     43     31     31     30     34     32     33     33     29     30     31     34     36 |      37 
BOAS       41     66     33     33     30     27     56     27     33     64     30     74     28     42     29     27      8     45     31     19     18     18 |      36 
TEAS       63     56     40     37     68     57     35     53     66     60     62     91     67     41     38     37     40     71     75     40     54     37 |      55 
SEAS       18     24     23     17      6     11     13     20     27     16     18     12     26     20     18     20     22     24     27     26     17     19 |      20 
EQAS       42      8      5      3      4     15      5     10      5     12      5      5      7      3      5      4      3      4      7      2      2      4 |       8 
AUST        3      4      5      3      6      4      2      5      4      4      1      1      3      2      4      3      2      3      2      2      4      3 |       4 
Global    334    377    270    274    289    274    251    280    322    325    278    338    274    263    237    234    212    270    282    232    234    208 |     276 

