# Global Fire Emissions Database version 4.1 including small fire burned area (GFED4s)  
# Estimates for 2017 onwards based on relations between active fires and emissions  

# NOTE THAT AQUA HAD ISSUES IN THE SECOND HALF OF AUGUST 2020; FOR THAT PERIOD THESE ESTIMATES ARE CONSERVATIVE  

# CH2O emissions estimates in 1E9 g CH2O for the globe, different regions, and different fire types 

All fire types combined: 

                                                                               Year                                                                 (Beta) (Beta) (Beta) (Beta) (Beta)  '97-'20  
Region   1997   1998   1999   2000   2001   2002   2003   2004   2005   2006   2007   2008   2009   2010   2011   2012   2013   2014   2015   2016   2017   2018   2019   2020   2021 |    Mean 
BONA      105    352    145     82     48    326    201    386    262    189    145    117    156    278    186    189    376    432    498    143    648    323    355     45   1025 |     250 
TENA       35     42     70     64     37     57     55     41     45     62     97     71     46     55     61     83     55     62    109     64    140    140     37    324    286 |      78 
CEAM       57    509     66    150     41     56    181     44    140     78     88     75     88     51    120     43    109     38     61     72     89     60    103     90     65 |     101 
NHSA       77    110     55     72     82     42    144     63     47     39     92     49     54     68     23     36     41     66     63    123     39     78    121     93     31 |      70 
SHSA      786   1116   1003    472    381    744    626    971   1234    557   1460    470    252   1520    374    720    343    508    706    658    690    354    734    949    757 |     735 
EURO       26     27     21     66     41     17     30     25     25     26     30     30     18     17     26     39     17     17     12     17     37     15     23     16     26 |      26 
MIDE        3      8      5      4      4      4      5      5      5      5      7      4      8      8      7      6      6      6      9      6      7      3      6      6     10 |       6 
NHAF      871   1190    934   1023    838    884    774    733    928    740    807    790    689    640    734    655    685    646    691    831    676    688    552    678    607 |     779 
SHAF      998   1171    991    944   1323   1110   1138   1154   1215   1142   1042   1142   1134   1230   1163   1060   1168   1063   1080   1084   1067   1052   1087    972   1077 |    1106 
BOAS      376   1116    399    435    393    637   1094    174    261    526    234    712    263    353    404    837    323    513    413    579    440    708    916    797   1531 |     538 
TEAS      288    266    180    160    207    233    179    215    207    227    238    292    252    178    147    158    131    225    252    125    193    122    143    139    102 |     199 
SEAS      199    440    367    256    149    175    206    423    314    243    422    175    315    391    213    305    314    378    308    306    200    216    290    296    287 |     288 
EQAS     3154    344    252     99     99    759    198    511    236   1028     84     65    560     48    226    227    175    613   1132     72     50    195    661     39     33 |     452 
AUST      211    186    331    219    318    317    320    207    122    279    191    116    211     74    265    274    159    201    168    120    181    218    734    244    107 |     237 
Global   7192   6885   4825   4053   3972   5370   5160   4961   5049   5149   4943   4122   4053   4918   3959   4640   3909   4777   5510   4210   4465   4178   5769   4694   5950 |    4866 


Savanna, grassland, and shrubland fires: 

BONA        0      1      0      0      0      0      0      0      0      0      0      0      0      0      0      0      0      0      0      0      0      0      0      0      0 |       0 
TENA        6      7      9     13      5     10      7      6      9     11     11      9      7      6     11     11      6      7     11     10     16     27      7     30     20 |      11 
CEAM       17     96     19     44     13     17     38     10     36     19     21     21     21     17     32     14     24     13     15     18     24     17     27     23     18 |      25 
NHSA       37     49     31     41     39     28     49     38     28     25     41     29     32     30     17     21     23     36     32     41     23     40     46     48     20 |      35 
SHSA      300    311    302    129    194    278    203    250    265    148    343    154     93    343    120    232    117    145    177    172    201    108    228    281    273 |     213 
EURO        3      5      2      8      2      1      5      2      5      2      5      1      1      2      2      4      2      0      1      3      5      1      1      1      4 |       3 
MIDE        0      1      0      1      0      0      0      0      0      0      1      0      0      1      0      1      0      0      1      0      1      0      1      1      5 |       1 
NHAF      662    818    694    715    631    661    618    560    669    529    582    605    530    477    543    493    527    495    493    585    502    515    404    500    450 |     576 
SHAF      887   1040    889    826   1051    863    936    918    964    904    889    936    939   1004    978    895    951    878    872    866    874    849    889    786    876 |     912 
BOAS        4      4      3      3      3      1      5      6      3      9      1      7      3      3      2      2      1      2      2      1      1      2      3      1      4 |       3 
TEAS       38     33     20     20     22     47     28     33     33     35     26     23     19     33     20     22     11     27     30     15     39     16     27     17     17 |      27 
SEAS       78    146    107     91     66     72     84    138    110     85    127     70     91    102     61     86     68     93     83     74     60     62     87     91     80 |      89 
EQAS      149     39     20      8     11     49     20     39     14     43     15     13     22     12     14     13     12     24     44      9      7     13     29      5      5 |      27 
AUST      124    118    258    165    243    196    101    176     94    151    139     96    137     57    234    236     90    146    126     84    138    172    186     80     89 |     148 
Global   2312   2676   2362   2070   2288   2229   2100   2182   2236   1968   2207   1971   1902   2092   2042   2036   1837   1873   1894   1884   1899   1828   1940   1871   1867 |    2071 


Boreal forest fires: 

BONA       73    296    122     63     29    297    171    368    242    170    132    106    137    246    172    164    349    383    456    122    591    282    276     36    901 |     221 
TENA        0      0      0      0      0      0      0      0      0      0      0      0      0      0      0      0      0      0      0      0      0      0      0      0      0 |       0 
CEAM        0      0      0      0      0      0      0      0      0      0      0      0      0      0      0      0      0      0      0      0      0      0      0      0      0 |       0 
NHSA        0      0      0      0      0      0      0      0      0      0      0      0      0      0      0      0      0      0      0      0      0      0      0      0      0 |       0 
SHSA        0      0      0      0      0      0      0      0      0      0      0      0      0      0      0      0      0      0      0      0      0      0      0      0      0 |       0 
EURO        0      0      0      0      0      0      0      0      0      0      0      0      0      0      0      0      0      0      0      0      0      0      0      0      0 |       0 
MIDE        0      0      0      0      0      0      0      0      0      0      0      0      0      0      0      0      0      0      0      0      0      0      0      0      0 |       0 
NHAF        0      0      0      0      0      0      0      0      0      0      0      0      0      0      0      0      0      0      0      0      0      0      0      0      0 |       0 
SHAF        0      0      0      0      0      0      0      0      0      0      0      0      0      0      0      0      0      0      0      0      0      0      0      0      0 |       0 
BOAS      263    949    303    351    310    549    952     97    181    348    160    529    183    206    331    761    295    398    337    524    389    645    844    741   1451 |     444 
TEAS       59     47     20     33     11     43     49     19      7     36     47     35     40      8     12     33      4      8     32      5     15      7      7      6      2 |      25 
SEAS        0      0      0      0      0      0      0      0      0      0      0      0      0      0      0      0      0      0      0      0      0      0      0      0      0 |       0 
EQAS        0      0      0      0      0      0      0      0      0      0      0      0      0      0      0      0      0      0      0      0      0      0      0      0      0 |       0 
AUST        0      0      0      0      0      0      0      0      0      0      0      0      0      0      0      0      0      0      0      0      0      0      0      0      0 |       0 
Global    397   1293    446    448    350    891   1172    485    430    554    340    676    361    460    515    959    649    790    826    652    997    936   1128    783   2355 |     690 


Temperate forest fires: 

BONA       23     26     12      4     12      9     14      3      5     10      4      3      9     19      4      6      4     15     12      9     43     31     64      2     86 |      15 
TENA       17     22     46     38     19     40     31     15     19     36     66     45     20     15     31     59     38     42     75     37    101     95     15    267    244 |      50 
CEAM        1     11      5      4      0      1      1      0      1      4      3      7      0      2      4      4      2      0      0      2      3      3      3      1      2 |       3 
NHSA        0      0      0      0      0      0      0      0      0      0      0      0      0      0      0      0      0      0      0      0      0      0      0      0      0 |       0 
SHSA       32     27     38     26     18     24     28     26     18     16     22     19     21     22     19     20     21     16     18     17     37     13     15     33     16 |      23 
EURO        5      5      4      6      2      3      7      2      4      4      4      3      2      1      4      7      2      2      2      2     10      2      4      4      6 |       4 
MIDE        0      0      0      0      0      0      0      0      0      0      0      0      0      0      0      0      0      0      0      0      0      0      0      0      0 |       0 
NHAF        0      0      0      0      0      0      0      0      0      0      0      0      0      0      0      0      0      0      0      0      0      0      0      0      0 |       0 
SHAF        2      5      2      1      3      1      3      0      3      1      3      1      1      2      1      1      1      1      2      2      3      7      1      1      1 |       3 
BOAS       19     15     19      5      9     22      6     10      4     33      7     14     12     46      7      5      3     15      6      4      5     10      8      4     10 |      13 
TEAS       51     56     47     23     27     19     20     34     23     25     26     38     47     40     33     22     30     37     31     19     18     19     20     28     22 |      31 
SEAS       24     34     66     39     27     13     33     34     32     37     28     25     47     39     21     45     33     51     24     37     21     24     30     22     49 |      33 
EQAS        0      0      0      0      0      0      0      0      0      0      0      0      0      0      0      0      0      0      0      0      0      0      0      0      0 |       0 
AUST       74     53     50     42     49    100    199     12      8    109     46     10     49     11     11     18     50     34     19     24     17     20    512    152      5 |      70 
Global    253    258    292    194    170    237    346    141    123    278    215    171    214    203    139    193    187    219    193    157    263    229    677    518    446 |     245 


Tropical deforestation & degradation: 

BONA        0      0      0      0      0      0      0      0      0      0      0      0      0      0      0      0      0      0      0      0      0      0      0      0      0 |       0 
TENA        0      0      0      0      0      0      0      0      0      0      0      0      0      0      0      0      0      0      0      0      0      0      0      0      0 |       0 
CEAM       20    319     20     58     13     20    112      8     69     28     36     25     40      9     57      8     57     10     26     31     37     22     47     40     25 |      47 
NHSA       29     48     16     23     31      7     86     17     12      6     39     13     11     30      2      8     12     20     22     75     11     29     65     33      7 |      27 
SHSA      401    722    606    283    140    404    356    653    915    355   1051    257    101   1114    203    426    164    311    471    426    417    210    460    590    432 |     460 
EURO        0      0      0      0      0      0      0      0      0      0      0      0      0      0      0      0      0      0      0      0      0      0      0      0      0 |       0 
MIDE        0      0      0      0      0      0      0      0      0      0      0      0      0      0      0      0      0      0      0      0      0      0      0      0      0 |       0 
NHAF       59    214    105    161     80     89     64     54     86     66     83     48     48     42     74     51     49     56     86    123     64     66     54     65     52 |      79 
SHAF       30     31     21     48    150    141    124    140    147    145     84    138    130    150    116     93    145    123    141    149    123    122    126    116    125 |     114 
BOAS        0      0      0      0      0      0      0      0      0      0      0      0      0      0      0      0      0      0      0      0      0      0      0      0      0 |       0 
TEAS        7     11      7      4      2      1      6     16      5      2      7      4      5     10      0      2      1      2      1      0      1      1      1      1      2 |       5 
SEAS       58    209    143     89     41     65     59    207    114     86    227     52    119    207     92    132    165    183    142    139     82     89    123    134    113 |     124 
EQAS     1608    265    178     77     43    436    110    317    116    517     50     34    269     26    111    117     97    330    577     46     32    116    328     25     19 |     243 
AUST        4      5     10      5     11     10     13      7      9      8      2      6     18      0     10     10     13     13     17      7     13     17     14      5      6 |      10 
Global   2220   1827   1109    752    516   1178    934   1422   1478   1217   1584    581    745   1592    669    852    707   1052   1486   1000    783    677   1221   1014    784 |    1109 


Peat fires: 

BONA        2     12      6      2      1     15     14     10     11      7      6      4      5     10      7     12     19     26     25      8      8      4      9      0     30 |      10 
TENA        0      0      0      0      0      0      0      0      0      0      0      0      0      0      0      0      0      0      0      0      0      0      0      0      0 |       0 
CEAM        0      0      0      0      0      0      0      0      0      0      0      0      0      0      0      0      0      0      0      0      0      0      0      0      0 |       0 
NHSA        0      0      0      0      0      0      0      0      0      0      0      0      0      0      0      0      0      0      0      0      0      0      0      0      0 |       0 
SHSA        0      0      0      0      0      0      0      0      0      0      0      0      0      0      0      0      0      0      0      0      0      0      0      0      0 |       0 
EURO        0      0      0      0      0      0      0      0      0      0      0      0      0      0      0      0      0      0      0      0      0      0      0      0      0 |       0 
MIDE        0      0      0      0      0      0      0      0      0      0      0      0      0      0      0      0      0      0      0      0      0      0      0      0      0 |       0 
NHAF        0      0      0      0      0      0      0      0      0      0      0      0      0      0      0      0      0      0      0      0      0      0      0      0      0 |       0 
SHAF        0      0      0      0      0      0      0      0      0      0      0      0      0      0      0      0      0      0      0      0      0      0      0      0      0 |       0 
BOAS        2      7      3      5      7      5     13      1      3      3      2      5      3      8      2     10      5      3      2      9      2      7      9      7     14 |       6 
TEAS        0      0      0      0      0      0      0      0      0      0      0      0      0      0      0      0      0      0      0      0      0      0      0      0      0 |       0 
SEAS        0      0      0      0      0      0      0      0      0      0      0      0      0      0      0      0      0      0      0      0      0      0      0      0      0 |       0 
EQAS     1307     22     42      7     34    241     57    133     93    441      7      6    251      2     88     87     58    249    495     12      6     56    288      5      4 |     167 
AUST        0      0      0      0      0      0      0      0      0      0      0      0      0      0      0      0      0      0      0      0      0      0      0      0      0 |       0 
Global   1312     42     52     14     43    262     85    146    109    452     16     17    260     21     98    110     83    279    522     31     17     69    306     13     49 |     182 


Agricultural waste burning: 

BONA        4     15      4     11      5      3      1      3      3      1      1      1      4      2      2      5      2      5      4      2      4      4      4      5      7 |       4 
TENA       10     12     13     12     12      7     17     18     16     14     19     16     18     32     19     13     11     12     21     16     22     17     13     25     21 |      17 
CEAM       18     81     20     42     13     17     30     25     31     25     25     21     26     22     26     14     25     14     20     20     24     16     25     24     19 |      26 
NHSA        9     11      7      6     11      6      9      7      7      7     10      7     11      8      3      5      5      8      8      7      4      8     10     11      3 |       8 
SHSA       52     54     56     33     28     38     37     41     34     37     42     38     35     39     30     41     40     34     39     42     34     22     30     43     34 |      39 
EURO       16     17     14     51     36     11     17     21     15     18     20     25     13     13     19     27     12     14      7     11     20     11     17     11     15 |      19 
MIDE        2      6      4      3      4      3      4      4      4      4      5      3      7      6      6      4      5      4      7      5      5      3      4      4      4 |       5 
NHAF      148    157    133    145    126    133     91    118    172    144    140    136    110    120    116    110    108     94    111    121    110    105     93    112    105 |     124 
SHAF       77     94     78     67    118    103     74     95    100     90     65     65     62     71     67     69     69     60     64     64     66     72     70     67     74 |      77 
BOAS       85    138     70     69     63     57    117     57     68    133     62    155     59     88     60     57     17     93     64     40     40     42     51     42     49 |      73 
TEAS      131    117     84     77    143    120     74    111    137    126    130    189    139     85     79     77     83    148    156     84    117     76     85     86     58 |     111 
SEAS       39     50     49     36     13     23     28     43     57     34     39     26     55     42     37     42     46     50     57     54     35     40     50     48     43 |      42 
EQAS       89     18     11      6      8     31     11     21     11     26     10     11     16      6     11      9      7     10     14      4      5      8     15      3      4 |      15 
AUST        7      8     11      6     13      9      6     10      8      9      2      3      6      5     10      7      4      6      5      4     11      8     21      6      5 |       8 
Global    696    786    562    571    602    570    522    583    671    677    579    704    570    547    492    487    442    562    587    483    504    438    494    493    447 |     568 

