# Global Fire Emissions Database version 4.1 including small fire burned area (GFED4s)  
# Estimates for 2017 onwards based on relations between active fires and emissions  
# Estimates for 2018 for January - September 21, will be updated with ~1 month latency  
# SO2 emissions estimates in 1E9 g SO2 for the globe, different regions, and different fire types 

All fire types combined: 

                                                                               Year                                                                 (Beta) (Beta)  '97-'17  
Region   1997   1998   1999   2000   2001   2002   2003   2004   2005   2006   2007   2008   2009   2010   2011   2012   2013   2014   2015   2016   2017   2018 |    Mean 
BONA       57    196     81     43     25    186    113    223    150    108     82     66     88    159    106    105    215    243    284     80    178     96 |     133 
TENA       15     19     33     31     15     29     24     16     19     29     46     33     19     19     27     41     26     29     51     29     50     31 |      29 
CEAM       20    159     24     53     15     20     57     13     47     26     29     27     28     19     42     17     35     13     20     24     29     21 |      35 
NHSA       33     46     26     34     35     21     54     30     23     19     38     23     25     28     12     17     19     30     28     45     20     25 |      29 
SHSA      317    397    370    170    175    296    238    337    402    195    489    179    102    503    142    270    133    183    243    229    249     69 |     268 
EURO        8      9      6     18      9      5     10      6      9      7      9      7      5      5      7     12      5      4      4      5     10      2 |       8 
MIDE        0      2      1      1      1      1      1      1      1      1      2      1      2      2      1      2      1      1      2      1      1      0 |       2 
NHAF      478    617    506    536    458    481    439    404    493    391    429    435    381    347    397    357    378    356    365    437    378    218 |     432 
SHAF      607    712    606    568    750    621    660    655    689    646    618    661    660    710    683    624    673    618    620    618    636    437 |     650 
BOAS      186    601    206    227    205    350    596     79    125    255    112    357    130    168    213    468    182    264    217    323    164    300 |     259 
TEAS      114    104     68     61     64     91     74     76     66     83     86     94     89     66     54     62     42     72     86     40     63     33 |      75 
SEAS       85    172    148    108     70     74     92    165    126    102    159     77    123    144     80    119    110    140    111    111     80     79 |     115 
EQAS      861     96     69     27     29    208     57    141     65    279     26     20    152     16     63     62     49    165    307     21     17     20 |     130 
AUST      123    109    201    133    191    186    175    126     70    161    117     70    121     44    164    169     90    119     98     70    100     62 |     126 
Global   2911   3247   2350   2017   2049   2575   2597   2279   2292   2310   2248   2061   1933   2235   1999   2331   1964   2245   2441   2041   1984   1401 |    2291 


Savanna, grassland, and shrubland fires: 

BONA        0      0      0      0      0      0      0      0      0      0      0      0      0      0      0      0      0      0      0      0      0      0 |       0 
TENA        4      4      6      8      3      6      4      4      6      7      7      6      4      4      7      7      3      4      7      6      6      8 |       6 
CEAM       11     63     13     29      8     11     25      7     24     12     14     13     14     11     21      9     16      8      9     12     15     11 |      17 
NHSA       24     32     21     27     25     18     32     25     18     16     27     19     21     19     11     14     15     24     21     26     16     19 |      22 
SHSA      197    204    199     84    127    182    134    164    174     97    225    101     61    225     79    152     77     95    116    113    133     38 |     141 
EURO        2      3      1      5      1      1      3      1      3      1      3      1      1      1      1      2      1      0      1      2      3      0 |       2 
MIDE        0      1      0      1      0      0      0      0      0      0      1      0      0      0      0      0      0      0      0      0      0      0 |       1 
NHAF      435    538    456    470    415    434    406    368    440    347    383    398    348    314    357    324    346    325    324    385    343    195 |     389 
SHAF      583    683    584    543    691    567    615    604    634    595    584    615    617    660    643    588    625    577    573    569    595    405 |     608 
BOAS        3      3      1      2      2      1      3      4      1      6      0      5      2      2      1      1      0      1      1      0      1      1 |       2 
TEAS       25     22     13     13     14     31     18     21     21     23     17     15     12     21     13     15      7     18     20     10     19      7 |      18 
SEAS       51     96     70     59     44     47     55     90     72     56     83     46     60     67     40     56     45     61     55     49     43     41 |      60 
EQAS       98     25     13      5      7     32     13     25      9     28     10      8     15      7      9      8      8     15     29      6      5      4 |      18 
AUST       81     78    170    108    160    129     66    116     62     99     91     63     90     37    154    155     59     96     82     55     87     53 |      97 
Global   1520   1760   1553   1361   1504   1466   1381   1435   1470   1294   1451   1296   1250   1376   1342   1339   1208   1231   1245   1238   1271    786 |    1381 


Boreal forest fires: 

BONA       43    175     72     37     17    175    101    217    143    100     78     63     81    145    101     97    206    226    269     72    158     83 |     123 
TENA        0      0      0      0      0      0      0      0      0      0      0      0      0      0      0      0      0      0      0      0      0      0 |       0 
CEAM        0      0      0      0      0      0      0      0      0      0      0      0      0      0      0      0      0      0      0      0      0      0 |       0 
NHSA        0      0      0      0      0      0      0      0      0      0      0      0      0      0      0      0      0      0      0      0      0      0 |       0 
SHSA        0      0      0      0      0      0      0      0      0      0      0      0      0      0      0      0      0      0      0      0      0      0 |       0 
EURO        0      0      0      0      0      0      0      0      0      0      0      0      0      0      0      0      0      0      0      0      0      0 |       0 
MIDE        0      0      0      0      0      0      0      0      0      0      0      0      0      0      0      0      0      0      0      0      0      0 |       0 
NHAF        0      0      0      0      0      0      0      0      0      0      0      0      0      0      0      0      0      0      0      0      0      0 |       0 
SHAF        0      0      0      0      0      0      0      0      0      0      0      0      0      0      0      0      0      0      0      0      0      0 |       0 
BOAS      155    561    179    208    183    325    563     57    107    205     94    312    108    122    195    450    174    235    199    310    153    287 |     234 
TEAS       35     27     12     19      6     26     29     11      4     21     27     21     23      4      7     19      2      5     19      3     10      5 |      16 
SEAS        0      0      0      0      0      0      0      0      0      0      0      0      0      0      0      0      0      0      0      0      0      0 |       0 
EQAS        0      0      0      0      0      0      0      0      0      0      0      0      0      0      0      0      0      0      0      0      0      0 |       0 
AUST        0      0      0      0      0      0      0      0      0      0      0      0      0      0      0      0      0      0      0      0      0      0 |       0 
Global    235    765    264    265    207    527    693    286    254    328    201    400    213    272    304    567    384    467    488    386    322    376 |     373 


Temperate forest fires: 

BONA       12     13      6      2      6      5      7      1      2      5      2      2      5     10      2      3      2      8      6      5     16     11 |       6 
TENA        9     11     24     20     10     21     16      8     10     19     35     24     10      8     16     31     20     22     39     19     40     20 |      20 
CEAM        0      6      2      2      0      0      0      0      0      2      2      3      0      1      2      2      1      0      0      1      1      1 |       2 
NHSA        0      0      0      0      0      0      0      0      0      0      0      0      0      0      0      0      0      0      0      0      0      0 |       0 
SHSA       16     14     20     13      9     12     14     13      9      8     11     10     11     12     10     10     11      8      9      9     12      4 |      12 
EURO        3      2      2      3      1      1      4      1      2      2      2      1      1      0      2      3      1      1      1      1      4      0 |       2 
MIDE        0      0      0      0      0      0      0      0      0      0      0      0      0      0      0      0      0      0      0      0      0      0 |       0 
NHAF        0      0      0      0      0      0      0      0      0      0      0      0      0      0      0      0      0      0      0      0      0      0 |       0 
SHAF        1      2      1      0      1      0      1      0      1      0      1      0      0      1      0      1      0      1      1      1      1      0 |       1 
BOAS       10      8     10      2      5     11      3      5      2     17      3      7      6     24      3      3      1      8      3      2      2      4 |       7 
TEAS       26     29     24     12     14     10     10     18     12     13     14     20     25     21     17     11     15     19     16     10     10      8 |      17 
SEAS       12     18     35     20     14      7     17     18     16     19     15     13     25     20     11     23     17     26     12     19     11     13 |      18 
EQAS        0      0      0      0      0      0      0      0      0      0      0      0      0      0      0      0      0      0      0      0      0      0 |       0 
AUST       39     28     26     22     25     52    105      6      4     57     24      5     26      5      6      9     26     18     10     12      8      7 |      25 
Global    133    136    153    102     89    125    182     74     64    146    113     90    112    107     73    101     98    115    101     82    110     74 |     110 


Tropical deforestation & degradation: 

BONA        0      0      0      0      0      0      0      0      0      0      0      0      0      0      0      0      0      0      0      0      0      0 |       0 
TENA        0      0      0      0      0      0      0      0      0      0      0      0      0      0      0      0      0      0      0      0      0      0 |       0 
CEAM        4     73      4     13      3      4     25      1     16      6      8      5      9      2     13      2     13      2      6      7      8      5 |      11 
NHSA        6     11      3      5      7      1     19      4      2      1      9      3      2      6      0      2      2      4      5     17      2      5 |       6 
SHSA       92    167    140     65     32     93     82    151    211     82    243     59     23    257     47     98     38     72    109     98     97     23 |     108 
EURO        0      0      0      0      0      0      0      0      0      0      0      0      0      0      0      0      0      0      0      0      0      0 |       0 
MIDE        0      0      0      0      0      0      0      0      0      0      0      0      0      0      0      0      0      0      0      0      0      0 |       0 
NHAF       13     49     24     37     18     20     14     12     20     15     19     11     11      9     17     11     11     13     19     28     15     11 |      19 
SHAF        6      7      5     11     34     32     28     32     34     33     19     32     30     34     26     21     33     28     32     34     26     19 |      26 
BOAS        0      0      0      0      0      0      0      0      0      0      0      0      0      0      0      0      0      0      0      0      0      0 |       0 
TEAS        1      2      1      0      0      0      1      3      1      0      1      0      1      2      0      0      0      0      0      0      0      0 |       1 
SEAS       13     48     33     20      9     15     13     48     26     20     52     12     27     47     21     30     38     42     32     32     18     19 |      29 
EQAS      371     61     41     17     10    100     25     73     27    119     11      7     62      6     25     27     22     76    133     10      9      9 |      59 
AUST        0      1      2      1      2      2      3      1      2      1      0      1      4      0      2      2      3      3      4      1      2      0 |       2 
Global    513    422    256    174    119    272    216    328    341    281    366    134    172    368    154    197    163    243    343    231    180     96 |     261 


Peat fires: 

BONA        0      3      1      0      0      4      4      3      3      2      1      1      1      3      2      3      5      7      7      2      2      1 |       3 
TENA        0      0      0      0      0      0      0      0      0      0      0      0      0      0      0      0      0      0      0      0      0      0 |       0 
CEAM        0      0      0      0      0      0      0      0      0      0      0      0      0      0      0      0      0      0      0      0      0      0 |       0 
NHSA        0      0      0      0      0      0      0      0      0      0      0      0      0      0      0      0      0      0      0      0      0      0 |       0 
SHSA        0      0      0      0      0      0      0      0      0      0      0      0      0      0      0      0      0      0      0      0      0      0 |       0 
EURO        0      0      0      0      0      0      0      0      0      0      0      0      0      0      0      0      0      0      0      0      0      0 |       0 
MIDE        0      0      0      0      0      0      0      0      0      0      0      0      0      0      0      0      0      0      0      0      0      0 |       0 
NHAF        0      0      0      0      0      0      0      0      0      0      0      0      0      0      0      0      0      0      0      0      0      0 |       0 
SHAF        0      0      0      0      0      0      0      0      0      0      0      0      0      0      0      0      0      0      0      0      0      0 |       0 
BOAS        0      2      0      1      2      1      3      0      1      0      0      1      1      2      0      3      1      0      0      2      0      1 |       1 
TEAS        0      0      0      0      0      0      0      0      0      0      0      0      0      0      0      0      0      0      0      0      0      0 |       0 
SEAS        0      0      0      0      0      0      0      0      0      0      0      0      0      0      0      0      0      0      0      0      0      0 |       0 
EQAS      373      6     12      2      9     69     16     38     26    126      2      1     71      0     25     25     16     71    141      3      2      5 |      50 
AUST        0      0      0      0      0      0      0      0      0      0      0      0      0      0      0      0      0      0      0      0      0      0 |       0 
Global    374     12     14      4     12     75     24     41     31    129      4      4     74      6     28     31     23     79    149      8      5      8 |      54 


Agricultural waste burning: 

BONA        0      2      0      2      0      0      0      0      0      0      0      0      0      0      0      1      0      1      0      0      0      0 |       1 
TENA        2      2      2      2      2      1      3      3      3      2      3      3      3      6      3      2      2      2      4      3      3      1 |       3 
CEAM        3     15      3      8      2      3      5      4      6      4      4      4      5      4      5      2      4      2      3      3      4      3 |       5 
NHSA        1      2      1      1      2      1      1      1      1      1      2      1      2      1      0      1      1      1      1      1      1      1 |       2 
SHSA       10     10     10      6      5      7      7      7      6      7      8      7      6      7      5      8      7      6      7      8      5      2 |       8 
EURO        3      3      2      9      6      2      3      4      2      3      3      4      2      2      3      5      2      2      1      2      3      0 |       4 
MIDE        0      1      0      0      0      0      0      0      0      0      1      0      1      1      1      0      1      0      1      1      0      0 |       1 
NHAF       28     30     25     27     24     25     17     22     33     27     27     26     21     23     22     21     20     18     21     23     20     11 |      24 
SHAF       14     18     15     12     22     19     14     18     19     17     12     12     12     13     12     13     13     11     12     12     13     11 |      15 
BOAS       16     26     13     13     12     11     22     11     13     25     12     29     11     17     11     10      3     18     12      7      7      6 |      15 
TEAS       25     22     16     14     27     23     14     21     26     24     25     36     26     16     15     14     16     28     30     16     21     11 |      22 
SEAS        7      9      9      6      2      4      5      8     11      6      7      5     10      8      7      8      8      9     11     10      7      5 |       8 
EQAS       17      3      2      1      1      6      2      4      2      5      2      2      3      1      2      1      1      1      2      0      1      0 |       3 
AUST        1      1      2      1      2      1      1      2      1      1      0      0      1      1      1      1      0      1      1      0      1      1 |       1 
Global    133    151    108    109    115    109    100    112    129    130    111    135    109    105     94     93     85    108    112     93     93     59 |     112 

