# Global Fire Emissions Database version 4.1 including small fire burned area (GFED4s)  
# Estimates for 2017 onwards based on relations between active fires and emissions  
# Estimates for 2018 for January - September 21, will be updated with ~1 month latency  
# C2H4 emissions estimates in 1E9 g C2H4 for the globe, different regions, and different fire types 

All fire types combined: 

                                                                               Year                                                                 (Beta) (Beta)  '97-'17  
Region   1997   1998   1999   2000   2001   2002   2003   2004   2005   2006   2007   2008   2009   2010   2011   2012   2013   2014   2015   2016   2017   2018 |    Mean 
BONA       78    276    115     64     36    263    166    305    211    151    116     93    122    219    148    156    307    355    404    117    242    129 |     188 
TENA       24     29     46     45     25     39     37     29     33     43     63     47     33     39     43     55     36     40     70     44     67     43 |      43 
CEAM       45    368     52    118     33     44    133     34    107     59     67     58     67     42     92     35     81     31     47     55     66     47 |      78 
NHSA       67     94     51     66     71     41    114     59     44     38     78     46     50     58     23     33     37     60     56     97     39     51 |      59 
SHSA      638    846    772    356    334    600    489    725    894    419   1072    369    204   1109    292    563    272    388    526    494    521    143 |     566 
EURO       19     20     15     49     29     12     22     18     19     18     22     21     13     12     18     28     12     12      9     13     22      4 |      20 
MIDE        2      6      4      3      3      3      4      4      4      4      5      3      6      6      5      4      4      4      6      5      5      2 |       5 
NHAF      885   1161    938   1005    847    891    798    746    925    736    804    806    703    647    738    663    698    657    685    819    701    405 |     803 
SHAF     1071   1256   1068   1006   1358   1130   1181   1185   1245   1170   1098   1184   1180   1272   1218   1112   1208   1105   1113   1112   1138    789 |    1163 
BOAS      281    850    301    333    303    484    844    131    199    393    176    540    200    264    307    646    251    388    314    449    233    412 |     376 
TEAS      214    194    128    119    151    183    137    160    155    172    176    211    180    132    107    119     92    165    187     92    140     72 |     154 
SEAS      164    347    280    204    125    145    170    332    252    193    326    144    242    294    164    232    230    281    235    228    160    155 |     227 
EQAS     3616    259    218     75    110    789    202    498    267   1193     69     56    664     39    256    253    186    694   1323     65     52     74 |     519 
AUST      189    172    333    217    317    290    237    217    123    243    186    119    197     74    282    288    141    196    167    116    172    105 |     204 
Global   7301   5889   4329   3667   3753   4922   4543   4451   4488   4842   4267   3709   3867   4215   3703   4196   3564   4382   5149   3713   3564   2436 |    4406 


Savanna, grassland, and shrubland fires: 

BONA        0      1      0      0      0      0      0      0      0      0      0      0      0      0      0      0      0      0      0      0      0      0 |       0 
TENA        7      8     10     15      5     11      8      7     10     13     12     10      8      7     12     13      6      8     12     11     11     14 |      10 
CEAM       19    108     22     49     15     19     43     12     41     21     24     23     24     19     36     16     27     14     17     20     25     19 |      29 
NHSA       42     56     35     46     44     32     55     43     32     28     47     32     36     34     19     23     26     41     36     46     28     32 |      38 
SHSA      337    350    340    144    218    312    229    281    298    167    385    173    104    385    135    261    131    163    199    193    227     66 |     240 
EURO        4      5      2      9      3      2      6      2      6      2      5      1      2      2      2      4      2      0      2      4      5      1 |       4 
MIDE        0      1      1      1      0      0      0      1      0      1      1      0      1      1      1      1      0      1      1      1      1      0 |       1 
NHAF      744    919    780    804    709    742    694    629    751    594    654    680    596    536    610    554    592    556    553    657    586    333 |     664 
SHAF      997   1168    998    928   1181    970   1051   1032   1083   1016    999   1052   1055   1128   1098   1005   1068    986    980    973   1017    693 |    1038 
BOAS        5      5      3      3      3      1      5      7      3     10      1      8      4      3      3      2      1      3      3      1      2      2 |       4 
TEAS       42     37     22     23     25     53     32     37     37     39     29     26     21     37     22     25     12     31     34     17     33     12 |      31 
SEAS       87    164    120    102     75     81     95    155    123     95    142     78    103    115     69     96     77    104     94     84     73     70 |     102 
EQAS      168     43     23     10     13     55     22     43     16     48     17     15     25     13     16     15     14     27     50     10      8      7 |      31 
AUST      140    133    290    185    273    220    113    198    106    170    156    107    154     64    263    265    101    164    141     94    149     90 |     167 
Global   2598   3006   2653   2325   2570   2504   2359   2451   2512   2211   2479   2214   2137   2350   2293   2287   2064   2103   2127   2116   2172   1344 |    2359 


Boreal forest fires: 

BONA       56    226     93     48     22    226    130    281    184    129    101     81    104    188    131    125    266    292    348     93    204    107 |     159 
TENA        0      0      0      0      0      0      0      0      0      0      0      0      0      0      0      0      0      0      0      0      0      0 |       0 
CEAM        0      0      0      0      0      0      0      0      0      0      0      0      0      0      0      0      0      0      0      0      0      0 |       0 
NHSA        0      0      0      0      0      0      0      0      0      0      0      0      0      0      0      0      0      0      0      0      0      0 |       0 
SHSA        0      0      0      0      0      0      0      0      0      0      0      0      0      0      0      0      0      0      0      0      0      0 |       0 
EURO        0      0      0      0      0      0      0      0      0      0      0      0      0      0      0      0      0      0      0      0      0      0 |       0 
MIDE        0      0      0      0      0      0      0      0      0      0      0      0      0      0      0      0      0      0      0      0      0      0 |       0 
NHAF        0      0      0      0      0      0      0      0      0      0      0      0      0      0      0      0      0      0      0      0      0      0 |       0 
SHAF        0      0      0      0      0      0      0      0      0      0      0      0      0      0      0      0      0      0      0      0      0      0 |       0 
BOAS      201    724    231    268    236    419    726     74    138    265    122    403    139    157    252    581    225    304    257    400    197    370 |     302 
TEAS       45     35     15     25      8     33     37     15      5     27     36     27     30      6      9     25      3      6     24      4     13      6 |      21 
SEAS        0      0      0      0      0      0      0      0      0      0      0      0      0      0      0      0      0      0      0      0      0      0 |       0 
EQAS        0      0      0      0      0      0      0      0      0      0      0      0      0      0      0      0      0      0      0      0      0      0 |       0 
AUST        0      0      0      0      0      0      0      0      0      0      0      0      0      0      0      0      0      0      0      0      0      0 |       0 
Global    303    987    341    342    267    680    895    370    328    423    259    516    275    351    393    732    496    603    630    498    415    485 |     482 


Temperate forest fires: 

BONA       13     14      6      2      6      5      8      1      3      5      2      2      5     10      2      3      2      8      7      5     17     12 |       7 
TENA        9     12     26     21     10     22     17      8     11     20     37     25     11      8     17     33     21     23     42     20     43     22 |      21 
CEAM        0      6      2      2      0      0      0      0      1      2      2      4      0      1      2      2      1      0      0      1      1      1 |       2 
NHSA        0      0      0      0      0      0      0      0      0      0      0      0      0      0      0      0      0      0      0      0      0      0 |       0 
SHSA       18     15     21     14     10     13     15     14     10      8     12     11     12     12     10     11     11      9     10      9     12      4 |      13 
EURO        3      2      2      3      1      2      4      1      2      2      2      1      1      1      2      4      1      1      1      1      4      0 |       2 
MIDE        0      0      0      0      0      0      0      0      0      0      0      0      0      0      0      0      0      0      0      0      0      0 |       0 
NHAF        0      0      0      0      0      0      0      0      0      0      0      0      0      0      0      0      0      0      0      0      0      0 |       0 
SHAF        1      2      1      0      1      1      1      0      1      0      2      0      0      1      0      1      0      1      1      1      1      0 |       1 
BOAS       11      8     10      3      5     12      3      6      2     18      4      8      7     26      4      3      1      8      3      2      2      4 |       7 
TEAS       28     31     26     13     15     11     11     19     13     14     15     21     26     22     18     12     16     21     17     10     11      9 |      18 
SEAS       13     19     37     22     15      7     18     19     18     20     16     14     26     22     12     25     18     28     13     20     12     14 |      19 
EQAS        0      0      0      0      0      0      0      0      0      0      0      0      0      0      0      0      0      0      0      0      0      0 |       0 
AUST       41     29     28     23     27     56    111      7      5     61     25      5     27      6      6     10     28     19     11     13      9      8 |      27 
Global    141    144    163    109     95    133    193     79     69    156    120     95    119    113     78    108    105    122    108     88    117     78 |     117 


Tropical deforestation & degradation: 

BONA        0      0      0      0      0      0      0      0      0      0      0      0      0      0      0      0      0      0      0      0      0      0 |       0 
TENA        0      0      0      0      0      0      0      0      0      0      0      0      0      0      0      0      0      0      0      0      0      0 |       0 
CEAM       12    195     12     36      8     12     68      4     42     17     22     15     24      6     35      5     34      6     16     19     22     14 |      30 
NHSA       18     29      9     14     19      4     52     10      7      3     24      8      6     18      1      5      7     12     13     45      6     14 |      15 
SHSA      245    442    371    173     86    247    218    400    560    217    644    157     62    682    124    261    100    191    289    261    259     63 |     286 
EURO        0      0      0      0      0      0      0      0      0      0      0      0      0      0      0      0      0      0      0      0      0      0 |       0 
MIDE        0      0      0      0      0      0      0      0      0      0      0      0      0      0      0      0      0      0      0      0      0      0 |       0 
NHAF       36    131     64     99     49     54     39     33     53     40     51     29     29     26     45     31     30     34     52     75     39     30 |      50 
SHAF       18     19     13     29     91     86     76     85     90     89     51     85     79     92     71     57     89     75     86     91     69     51 |      69 
BOAS        0      0      0      0      0      0      0      0      0      0      0      0      0      0      0      0      0      0      0      0      0      0 |       0 
TEAS        4      6      4      2      1      0      3     10      3      1      4      2      3      6      0      1      0      1      0      0      1      0 |       3 
SEAS       35    128     88     54     25     40     36    127     70     53    139     32     73    126     56     80    101    112     87     85     49     50 |      76 
EQAS      985    162    109     47     26    267     67    194     71    316     30     20    165     16     68     71     59    202    353     28     24     25 |     157 
AUST        2      3      6      3      7      6      8      4      6      5      1      3     11      0      6      6      8      7     10      4      5      2 |       6 
Global   1360   1119    680    461    316    721    572    871    905    745    970    356    456    975    410    522    433    645    910    613    478    254 |     692 


Peat fires: 

BONA        5     23     11      4      3     28     26     19     21     14     11      8      9     19     13     22     36     49     46     16     18      7 |      20 
TENA        0      0      0      0      0      0      0      0      0      0      0      0      0      0      0      0      0      0      0      0      0      0 |       0 
CEAM        0      0      0      0      0      0      0      0      0      0      0      0      0      0      0      0      0      0      0      0      0      0 |       0 
NHSA        0      0      0      0      0      0      0      0      0      0      0      0      0      0      0      0      0      0      0      0      0      0 |       0 
SHSA        0      0      0      0      0      0      0      0      0      0      0      0      0      0      0      0      0      0      0      0      0      0 |       0 
EURO        0      0      0      0      0      0      0      0      0      0      0      0      0      0      0      0      0      0      0      0      0      0 |       0 
MIDE        0      0      0      0      0      0      0      0      0      0      0      0      0      0      0      0      0      0      0      0      0      0 |       0 
NHAF        0      0      0      0      0      0      0      0      0      0      0      0      0      0      0      0      0      0      0      0      0      0 |       0 
SHAF        0      0      0      0      0      0      0      0      0      0      0      0      0      0      0      0      0      0      0      0      0      0 |       0 
BOAS        4     14      5      9     12     10     25      3      6      5      3     10      7     14      4     19     10      6      4     17      4     10 |      10 
TEAS        0      0      0      0      0      0      0      0      0      0      0      0      0      0      0      0      0      0      0      0      0      0 |       0 
SEAS        0      0      0      0      0      0      0      0      0      0      0      0      0      0      0      0      0      0      0      0      0      0 |       0 
EQAS     2399     40     78     13     64    444    104    245    172    809     13     12    461      4    163    160    106    457    909     23     15     38 |     319 
AUST        0      0      0      0      0      0      0      0      0      0      0      0      0      0      0      0      0      0      0      0      0      0 |       0 
Global   2409     78     95     27     80    482    156    268    200    829     29     32    478     38    181    202    153    512    959     57     37     56 |     348 


Agricultural waste burning: 

BONA        3     10      3      7      3      2      0      2      2      0      1      1      2      1      1      3      1      4      2      1      2      1 |       3 
TENA        7      8      9      8      9      5     11     13     11     10     13     11     12     22     13      9      8      8     15     11     12      6 |      11 
CEAM       12     56     14     29      9     12     21     17     22     17     17     14     18     15     18     10     17     10     14     14     17     11 |      18 
NHSA        6      8      5      4      8      4      6      5      4      5      7      5      7      5      2      4      3      6      5      5      3      4 |       6 
SHSA       36     38     39     23     19     26     26     29     24     26     30     27     25     27     21     29     28     24     27     29     21      9 |      28 
EURO       11     12     10     36     25      8     12     15     10     13     14     17      9      9     13     19      8     10      5      8     12      2 |      14 
MIDE        1      4      2      2      2      2      3      3      3      3      3      2      4      4      4      2      3      3      5      4      3      1 |       3 
NHAF      104    110     93    101     88     93     64     83    120    101     98     95     77     84     81     77     76     66     78     85     74     41 |      89 
SHAF       54     66     55     47     83     72     52     66     70     63     45     46     44     50     47     48     48     42     45     45     50     43 |      55 
BOAS       60     97     49     48     44     40     82     40     48     93     44    109     41     62     42     40     12     65     45     28     26     24 |      54 
TEAS       92     82     59     54    100     84     52     78     96     88     91    132     98     60     56     54     58    104    109     59     79     42 |      81 
SEAS       27     35     34     25      9     16     19     30     40     23     27     18     39     29     26     29     32     35     40     38     25     20 |      29 
EQAS       62     12      7      4      6     22      8     14      7     18      7      7     11      4      7      6      4      7     10      2      3      3 |      11 
AUST        5      5      8      4      9      7      4      7      6      6      1      2      4      4      7      5      3      4      3      3      7      4 |       5 
Global    489    551    395    401    422    400    366    409    471    475    406    494    400    384    346    342    310    394    412    339    342    216 |     407 

