# Global Fire Emissions Database version 4.1 including small fire burned area (GFED4s)  
# Estimates for 2017 onwards based on relations between active fires and emissions  

# NOTE THAT AQUA HAD ISSUES IN THE SECOND HALF OF AUGUST 2020; FOR THAT PERIOD THESE ESTIMATES ARE CONSERVATIVE  

# TPM emissions estimates in 1E10 g TPM for the globe, different regions, and different fire types 

All fire types combined: 

                                                                               Year                                                                 (Beta) (Beta) (Beta) (Beta) (Beta)  '97-'20  
Region   1997   1998   1999   2000   2001   2002   2003   2004   2005   2006   2007   2008   2009   2010   2011   2012   2013   2014   2015   2016   2017   2018   2019   2020   2021 |    Mean 
BONA       95    325    134     73     42    306    188    363    246    178    136    109    145    260    174    176    354    404    468    134    607    300    327     40    958 |     233 
TENA       28     34     58     55     29     50     44     32     37     52     80     59     37     40     51     71     46     51     90     53    117    122     30    276    242 |      65 
CEAM       47    411     55    125     34     47    147     33    115     63     71     62     71     42    100     36     88     31     49     59     73     50     85     73     54 |      83 
NHSA       72    101     53     70     76     42    127     62     46     39     84     48     52     62     24     34     39     63     59    108     39     74    109     88     31 |      66 
SHSA      709    961    873    405    364    670    551    829   1033    475   1234    413    224   1280    328    633    301    438    600    561    600    308    643    826    678 |     636 
EURO       19     20     15     45     26     12     23     17     19     18     22     20     12     12     18     27     12     11      9     13     28     11     15     12     20 |      19 
MIDE        2      5      3      3      3      3      3      4      3      3      5      3      5      6      4      4      4      4      6      4      5      2      4      4      9 |       4 
NHAF      905   1208    967   1041    871    916    823    764    947    752    825    823    720    659    758    679    715    675    705    847    698    713    568    699    626 |     804 
SHAF     1105   1295   1100   1040   1410   1175   1230   1232   1296   1218   1141   1235   1230   1328   1267   1155   1260   1153   1162   1162   1153   1131   1173   1045   1160 |    1196 
BOAS      324   1007    351    387    350    580    995    144    223    450    199    620    227    299    361    772    299    452    368    533    401    655    848    739   1430 |     483 
TEAS      228    209    138    125    147    186    146    165    151    174    181    210    188    139    112    125     94    163    186     90    148     90    109    102     78 |     151 
SEAS      178    387    318    228    140    159    189    371    275    216    366    158    270    333    182    262    260    319    259    256    172    184    249    255    246 |     250 
EQAS     2650    276    204     79     84    629    166    421    198    864     69     54    472     40    190    190    146    513    954     60     41    161    558     31     27 |     377 
AUST      215    192    358    235    342    326    299    228    130    281    205    127    219     79    296    304    161    213    179    126    193    235    672    229    117 |     244 
Global   6584   6440   4637   3920   3928   5109   4939   4672   4728   4790   4625   3952   3879   4587   3872   4476   3786   4499   5102   4013   4282   4042   5395   4426   5681 |    4612 


Savanna, grassland, and shrubland fires: 

BONA        0      1      0      0      0      0      0      0      0      0      0      0      0      0      0      0      0      0      0      0      0      0      0      0      0 |       0 
TENA        7      8     10     15      6     11      8      7     11     13     13     10      8      7     13     13      7      8     13     12     18     31      8     35     23 |      13 
CEAM       19    112     23     51     15     20     44     12     42     22     25     24     24     20     37     17     28     15     17     21     27     20     31     27     21 |      29 
NHSA       44     58     37     48     45     33     57     45     33     30     48     33     37     35     20     24     27     42     37     47     27     47     53     56     23 |      41 
SHSA      350    362    352    150    226    323    237    291    309    173    400    180    108    399    140    270    136    169    206    200    234    125    266    328    318 |     248 
EURO        4      5      2      9      3      2      6      2      6      2      6      1      2      2      2      5      2      0      2      4      6      1      1      1      5 |       4 
MIDE        0      1      1      1      0      0      0      1      0      1      1      0      1      1      1      1      0      1      1      1      1      0      1      1      6 |       1 
NHAF      771    952    808    833    735    770    720    652    779    616    678    705    617    556    633    574    613    576    574    681    584    600    471    582    524 |     671 
SHAF     1033   1211   1035    962   1224   1005   1090   1069   1122   1053   1035   1090   1094   1170   1138   1042   1107   1022   1016   1009   1018    989   1035    916   1020 |    1062 
BOAS        5      5      3      3      4      2      6      7      3     10      1      9      4      3      3      2      1      3      3      1      2      2      3      2      5 |       4 
TEAS       44     39     23     24     26     55     33     38     38     41     30     27     22     38     23     26     13     32     35     17     46     19     32     20     20 |      31 
SEAS       91    171    125    106     77     84     98    160    128     99    148     81    106    119     72    100     80    108     97     87     70     72    101    106     94 |     104 
EQAS      174     45     23     10     13     57     23     45     16     50     17     15     26     13     17     15     15     28     51     10      8     16     34      5      6 |      31 
AUST      145    138    301    192    283    228    117    205    110    176    162    111    159     66    272    275    105    170    146     98    161    200    216     93    103 |     173 
Global   2693   3116   2750   2410   2664   2596   2445   2541   2604   2292   2570   2295   2215   2436   2377   2371   2139   2180   2205   2194   2211   2129   2259   2179   2174 |    2412 


Boreal forest fires: 

BONA       69    280    115     60     27    281    161    348    229    161    125    100    130    233    163    155    330    362    431    116    559    267    261     34    852 |     209 
TENA        0      0      0      0      0      0      0      0      0      0      0      0      0      0      0      0      0      0      0      0      0      0      0      0      0 |       0 
CEAM        0      0      0      0      0      0      0      0      0      0      0      0      0      0      0      0      0      0      0      0      0      0      0      0      0 |       0 
NHSA        0      0      0      0      0      0      0      0      0      0      0      0      0      0      0      0      0      0      0      0      0      0      0      0      0 |       0 
SHSA        0      0      0      0      0      0      0      0      0      0      0      0      0      0      0      0      0      0      0      0      0      0      0      0      0 |       0 
EURO        0      0      0      0      0      0      0      0      0      0      0      0      0      0      0      0      0      0      0      0      0      0      0      0      0 |       0 
MIDE        0      0      0      0      0      0      0      0      0      0      0      0      0      0      0      0      0      0      0      0      0      0      0      0      0 |       0 
NHAF        0      0      0      0      0      0      0      0      0      0      0      0      0      0      0      0      0      0      0      0      0      0      0      0      0 |       0 
SHAF        0      0      0      0      0      0      0      0      0      0      0      0      0      0      0      0      0      0      0      0      0      0      0      0      0 |       0 
BOAS      249    898    287    332    293    520    900     91    171    329    151    500    173    195    313    720    279    376    319    496    368    610    798    701   1373 |     420 
TEAS       56     44     19     31     10     41     46     18      6     34     44     33     38      7     11     31      4      8     30      5     14      7      7      5      2 |      23 
SEAS        0      0      0      0      0      0      0      0      0      0      0      0      0      0      0      0      0      0      0      0      0      0      0      0      0 |       0 
EQAS        0      0      0      0      0      0      0      0      0      0      0      0      0      0      0      0      0      0      0      0      0      0      0      0      0 |       0 
AUST        0      0      0      0      0      0      0      0      0      0      0      0      0      0      0      0      0      0      0      0      0      0      0      0      0 |       0 
Global    376   1224    422    424    331    843   1109    459    407    525    321    640    341    436    487    908    615    747    781    617    943    886   1067    741   2228 |     653 


Temperate forest fires: 

BONA       19     22     10      4     10      8     12      2      4      8      3      3      8     16      3      5      3     13     10      8     36     26     54      2     72 |      12 
TENA       15     18     39     32     16     34     26     13     16     30     56     38     17     13     26     49     32     35     63     31     85     80     13    225    206 |      42 
CEAM        1      9      4      4      0      1      0      0      1      3      3      6      0      1      3      3      2      0      0      1      2      2      2      1      1 |       3 
NHSA        0      0      0      0      0      0      0      0      0      0      0      0      0      0      0      0      0      0      0      0      0      0      0      0      0 |       0 
SHSA       27     23     32     22     15     20     23     22     15     13     18     16     18     19     16     17     17     13     15     14     31     11     13     27     14 |      19 
EURO        5      4      3      5      1      3      6      1      3      3      3      2      2      1      3      6      1      2      2      2      8      2      3      3      5 |       4 
MIDE        0      0      0      0      0      0      0      0      0      0      0      0      0      0      0      0      0      0      0      0      0      0      0      0      0 |       0 
NHAF        0      0      0      0      0      0      0      0      0      0      0      0      0      0      0      0      0      0      0      0      0      0      0      0      0 |       0 
SHAF        2      4      1      1      2      1      2      0      2      1      3      0      1      2      1      1      1      1      1      2      3      6      1      1      1 |       2 
BOAS       16     13     16      4      8     18      5      9      4     27      6     12     10     39      6      4      2     12      5      3      4      9      7      3      8 |      11 
TEAS       43     47     39     20     23     16     17     29     19     21     22     32     40     34     28     18     25     31     26     16     15     16     17     23     18 |      26 
SEAS       20     28     56     33     23     11     28     29     27     31     24     21     40     33     18     38     28     42     20     31     18     20     25     18     41 |      28 
EQAS        0      0      0      0      0      0      0      0      0      0      0      0      0      0      0      0      0      0      0      0      0      0      0      0      0 |       0 
AUST       62     45     42     35     41     84    168     10      7     92     38      8     41      9      9     15     42     29     16     20     14     17    431    128      4 |      59 
Global    213    217    245    164    143    200    291    119    103    234    181    144    180    171    117    162    158    184    162    132    222    192    570    436    375 |     206 


Tropical deforestation & degradation: 

BONA        0      0      0      0      0      0      0      0      0      0      0      0      0      0      0      0      0      0      0      0      0      0      0      0      0 |       0 
TENA        0      0      0      0      0      0      0      0      0      0      0      0      0      0      0      0      0      0      0      0      0      0      0      0      0 |       0 
CEAM       15    240     15     44     10     15     84      6     52     21     27     19     30      7     43      6     42      7     19     24     28     17     35     30     19 |      35 
NHSA       22     36     12     17     23      5     64     13      9      4     29     10      8     22      2      6      9     15     16     56      8     22     49     25      5 |      21 
SHSA      301    543    455    212    105    303    268    490    687    266    790    193     76    837    153    320    123    234    354    320    313    158    345    444    324 |     346 
EURO        0      0      0      0      0      0      0      0      0      0      0      0      0      0      0      0      0      0      0      0      0      0      0      0      0 |       0 
MIDE        0      0      0      0      0      0      0      0      0      0      0      0      0      0      0      0      0      0      0      0      0      0      0      0      0 |       0 
NHAF       45    161     79    121     60     67     48     40     65     49     62     36     36     32     55     38     36     42     64     93     48     49     41     49     39 |      60 
SHAF       22     23     16     36    112    106     93    105    110    109     63    104     98    112     87     70    109     92    105    112     92     92     94     87     93 |      86 
BOAS        0      0      0      0      0      0      0      0      0      0      0      0      0      0      0      0      0      0      0      0      0      0      0      0      0 |       0 
TEAS        6      8      5      3      2      1      4     12      4      2      5      3      3      8      0      1      1      1      0      0      1      1      1      1      1 |       3 
SEAS       43    157    108     67     31     49     45    156     86     65    170     39     89    155     69     99    124    138    106    104     61     66     92    101     85 |      93 
EQAS     1208    199    133     58     33    328     82    238     87    388     37     25    202     19     83     88     73    248    433     34     24     87    246     19     14 |     183 
AUST        3      4      7      3      8      8     10      5      7      6      2      4     13      0      7      8     10      9     13      5     10     13     11      3      4 |       7 
Global   1668   1373    833    565    388    885    702   1069   1110    914   1190    436    559   1196    503    640    531    791   1117    752    588    508    918    762    589 |     834 


Peat fires: 

BONA        2     11      5      2      1     14     13     10     10      7      5      4      4      9      6     11     18     24     23      8      7      4      8      0     28 |       9 
TENA        0      0      0      0      0      0      0      0      0      0      0      0      0      0      0      0      0      0      0      0      0      0      0      0      0 |       0 
CEAM        0      0      0      0      0      0      0      0      0      0      0      0      0      0      0      0      0      0      0      0      0      0      0      0      0 |       0 
NHSA        0      0      0      0      0      0      0      0      0      0      0      0      0      0      0      0      0      0      0      0      0      0      0      0      0 |       0 
SHSA        0      0      0      0      0      0      0      0      0      0      0      0      0      0      0      0      0      0      0      0      0      0      0      0      0 |       0 
EURO        0      0      0      0      0      0      0      0      0      0      0      0      0      0      0      0      0      0      0      0      0      0      0      0      0 |       0 
MIDE        0      0      0      0      0      0      0      0      0      0      0      0      0      0      0      0      0      0      0      0      0      0      0      0      0 |       0 
NHAF        0      0      0      0      0      0      0      0      0      0      0      0      0      0      0      0      0      0      0      0      0      0      0      0      0 |       0 
SHAF        0      0      0      0      0      0      0      0      0      0      0      0      0      0      0      0      0      0      0      0      0      0      0      0      0 |       0 
BOAS        2      7      2      4      6      5     12      1      3      2      1      5      3      7      2      9      5      3      2      8      2      7      8      7     13 |       5 
TEAS        0      0      0      0      0      0      0      0      0      0      0      0      0      0      0      0      0      0      0      0      0      0      0      0      0 |       0 
SEAS        0      0      0      0      0      0      0      0      0      0      0      0      0      0      0      0      0      0      0      0      0      0      0      0      0 |       0 
EQAS     1213     20     39      6     32    224     52    124     87    409      7      6    233      2     82     81     54    231    459     11      5     52    267      4      4 |     155 
AUST        0      0      0      0      0      0      0      0      0      0      0      0      0      0      0      0      0      0      0      0      0      0      0      0      0 |       0 
Global   1218     39     48     13     40    244     79    135    101    419     15     16    241     19     91    102     77    259    485     28     16     64    284     12     46 |     169 


Agricultural waste burning: 

BONA        2      9      2      6      2      2      0      2      2      0      0      1      2      1      1      3      1      3      2      1      2      2      2      3      4 |       3 
TENA        6      7      8      7      7      4     10     11      9      8     11      9     11     19     11      7      7      7     13      9     13     10      8     15     12 |      10 
CEAM       10     48     12     25      7     10     17     14     18     15     15     12     15     13     15      8     14      8     12     12     14     10     15     14     11 |      15 
NHSA        5      7      4      4      7      3      5      4      4      4      6      4      6      4      1      3      3      5      5      4      2      5      6      6      2 |       5 
SHSA       31     32     33     20     16     22     22     24     20     22     25     23     21     23     18     24     23     20     23     25     20     13     17     26     20 |      23 
EURO        9     10      8     30     21      7     10     12      9     11     12     15      8      7     11     16      7      8      4      7     12      6     10      6      9 |      11 
MIDE        1      3      2      1      2      2      2      2      2      2      3      2      4      3      3      2      3      2      4      3      3      1      2      2      2 |       3 
NHAF       88     93     79     86     75     79     54     70    102     86     83     81     65     71     69     65     64     56     66     72     65     63     55     67     62 |      74 
SHAF       46     56     46     40     70     61     44     56     59     54     38     39     37     42     40     41     41     36     38     38     39     43     41     40     44 |      46 
BOAS       51     82     41     41     37     34     69     34     41     79     37     92     35     52     36     34     10     55     38     24     24     25     30     25     29 |      43 
TEAS       78     69     50     46     85     71     44     66     82     75     77    112     83     51     47     46     49     88     93     50     70     45     51     51     34 |      66 
SEAS       23     29     29     21      7     14     16     25     34     20     23     16     33     25     22     25     27     30     34     32     21     24     30     28     25 |      25 
EQAS       53     10      6      3      5     18      6     12      6     15      6      6      9      4      6      5      4      6      8      2      3      4      9      1      2 |       9 
AUST        4      5      6      3      8      5      3      6      5      5      1      1      4      3      5      4      2      3      3      2      6      4     12      4      3 |       5 
Global    415    468    335    340    359    340    311    347    400    403    345    419    339    326    293    290    263    335    350    288    300    261    294    294    266 |     339 

