# Global Fire Emissions Database version 4.1 including small fire burned area (GFED4s)  
# Estimates for 2017 onwards based on relations between active fires and emissions  
# C2H2 emissions estimates in 1E9 g C2H2 for the globe, different regions, and different fire types 

All fire types combined: 

                                                                               Year                                                                 (Beta) (Beta)  '97-'18  
Region   1997   1998   1999   2000   2001   2002   2003   2004   2005   2006   2007   2008   2009   2010   2011   2012   2013   2014   2015   2016   2017   2018 |    Mean 
BONA       10     34     14      8      5     31     19     37     25     18     13     11     15     26     17     18     35     41     47     13     30     17 |      22 
TENA        5      6     10     10      5      9      8      6      7     10     14     10      7      8     10     12      8      9     16     10     15     13 |      10 
CEAM       13    125     15     35      9     13     45      8     34     17     20     17     20     11     29      9     26      8     14     17     20     15 |      24 
NHSA       21     30     15     20     22     12     39     18     13     11     25     13     14     18      6     10     11     18     17     33     11     19 |      18 
SHSA      211    296    265    122    105    202    166    257    326    146    388    123     63    404     97    192     88    133    185    172    182    105 |     193 
EURO        4      4      3     10      5      2      5      3      4      3      4      4      2      2      3      5      2      2      1      3      5      2 |       4 
MIDE        0      1      0      0      0      0      0      0      0      0      1      0      1      1      1      1      0      0      1      1      1      0 |       1 
NHAF      252    344    272    295    244    257    231    213    264    209    231    229    201    183    212    189    199    189    198    239    201    204 |     230 
SHAF      309    362    308    293    399    333    349    350    367    346    322    352    350    378    360    327    359    328    331    331    336    331 |     342 
BOAS       40    113     42     45     40     64    110     20     28     58     25     76     28     38     41     83     31     53     42     57     31     54 |      51 
TEAS       43     40     27     24     31     38     28     35     33     35     35     41     35     30     22     24     19     34     37     19     29     19 |      31 
SEAS       48    112     86     62     37     45     51    108     76     59    108     43     73     96     51     73     74     90     74     71     50     54 |      71 
EQAS      525     83     55     23     17    141     38    102     39    168     19     14     89     11     38     39     32    103    184     15     14     35 |      82 
AUST       52     48     95     61     90     81     62     62     35     66     52     34     56     21     82     83     40     56     49     33     49     59 |      58 
Global   1541   1606   1213   1014   1019   1233   1156   1225   1260   1152   1264    974    961   1235    977   1071    931   1072   1203   1020    980    933 |    1139 


Savanna, grassland, and shrubland fires: 

BONA        0      0      0      0      0      0      0      0      0      0      0      0      0      0      0      0      0      0      0      0      0      0 |       0 
TENA        2      2      3      4      1      3      2      2      3      3      3      3      2      2      3      3      1      2      3      3      3      5 |       3 
CEAM        5     31      6     14      4      5     12      3     12      6      7      6      7      5     10      4      8      4      4      6      7      5 |       8 
NHSA       12     16     10     13     12      9     16     12      9      8     13      9     10      9      5      7      7     12     10     13      8     12 |      11 
SHSA       98    102     99     42     63     91     67     82     87     48    112     50     30    112     39     76     38     47     58     56     66     39 |      69 
EURO        1      1      0      2      0      0      1      0      1      0      1      0      0      0      0      1      0      0      0      1      1      0 |       1 
MIDE        0      0      0      0      0      0      0      0      0      0      0      0      0      0      0      0      0      0      0      0      0      0 |       0 
NHAF      217    269    228    235    207    217    203    184    220    173    191    199    174    157    178    162    173    162    162    192    171    174 |     194 
SHAF      291    341    292    271    345    283    307    302    317    297    292    307    308    330    321    294    312    288    286    284    297    292 |     303 
BOAS        1      1      0      1      1      0      1      2      0      3      0      2      1      1      0      0      0      0      0      0      0      0 |       1 
TEAS       12     11      6      6      7     15      9     10     10     11      8      7      6     10      6      7      3      9     10      5     10      5 |       9 
SEAS       25     48     35     29     22     23     27     45     36     28     41     23     30     33     20     28     22     30     27     24     21     22 |      30 
EQAS       49     12      6      2      3     16      6     12      4     14      5      4      7      3      4      4      4      7     14      3      2      4 |       9 
AUST       40     39     85     54     80     64     33     58     31     49     45     31     45     18     77     77     29     48     41     27     43     53 |      49 
Global    760    880    776    680    752    733    690    717    735    647    725    648    625    688    671    669    604    615    622    619    636    616 |     687 


Boreal forest fires: 

BONA        7     28     11      6      2     28     16     35     23     16     12     10     13     23     16     15     33     37     44     11     25     13 |      20 
TENA        0      0      0      0      0      0      0      0      0      0      0      0      0      0      0      0      0      0      0      0      0      0 |       0 
CEAM        0      0      0      0      0      0      0      0      0      0      0      0      0      0      0      0      0      0      0      0      0      0 |       0 
NHSA        0      0      0      0      0      0      0      0      0      0      0      0      0      0      0      0      0      0      0      0      0      0 |       0 
SHSA        0      0      0      0      0      0      0      0      0      0      0      0      0      0      0      0      0      0      0      0      0      0 |       0 
EURO        0      0      0      0      0      0      0      0      0      0      0      0      0      0      0      0      0      0      0      0      0      0 |       0 
MIDE        0      0      0      0      0      0      0      0      0      0      0      0      0      0      0      0      0      0      0      0      0      0 |       0 
NHAF        0      0      0      0      0      0      0      0      0      0      0      0      0      0      0      0      0      0      0      0      0      0 |       0 
SHAF        0      0      0      0      0      0      0      0      0      0      0      0      0      0      0      0      0      0      0      0      0      0 |       0 
BOAS       25     91     29     34     30     53     92      9     17     33     15     51     17     19     32     73     28     38     32     50     24     47 |      39 
TEAS        5      4      2      3      1      4      4      1      0      3      4      3      3      0      1      3      0      0      3      0      1      1 |       3 
SEAS        0      0      0      0      0      0      0      0      0      0      0      0      0      0      0      0      0      0      0      0      0      0 |       0 
EQAS        0      0      0      0      0      0      0      0      0      0      0      0      0      0      0      0      0      0      0      0      0      0 |       0 
AUST        0      0      0      0      0      0      0      0      0      0      0      0      0      0      0      0      0      0      0      0      0      0 |       0 
Global     38    125     43     43     33     86    113     46     41     53     32     65     34     44     49     92     62     76     79     63     52     62 |      61 


Temperate forest fires: 

BONA        2      3      1      0      1      1      1      0      0      1      0      0      1      2      0      0      0      1      1      1      3      3 |       2 
TENA        2      2      5      4      2      5      3      1      2      4      8      5      2      1      3      7      4      5      9      4      9      6 |       5 
CEAM        0      1      0      0      0      0      0      0      0      0      0      0      0      0      0      0      0      0      0      0      0      0 |       0 
NHSA        0      0      0      0      0      0      0      0      0      0      0      0      0      0      0      0      0      0      0      0      0      0 |       0 
SHSA        4      3      4      3      2      3      3      3      2      1      2      2      2      2      2      2      2      2      2      2      2      1 |       3 
EURO        0      0      0      0      0      0      0      0      0      0      0      0      0      0      0      0      0      0      0      0      0      0 |       1 
MIDE        0      0      0      0      0      0      0      0      0      0      0      0      0      0      0      0      0      0      0      0      0      0 |       0 
NHAF        0      0      0      0      0      0      0      0      0      0      0      0      0      0      0      0      0      0      0      0      0      0 |       0 
SHAF        0      0      0      0      0      0      0      0      0      0      0      0      0      0      0      0      0      0      0      0      0      0 |       0 
BOAS        2      1      2      0      1      2      0      1      0      4      0      1      1      5      0      0      0      1      0      0      0      1 |       2 
TEAS        6      7      5      2      3      2      2      4      2      3      3      4      5      5      4      2      3      4      3      2      2      2 |       4 
SEAS        2      4      8      4      3      1      4      4      4      4      3      3      5      4      2      5      4      6      3      4      2      3 |       4 
EQAS        0      0      0      0      0      0      0      0      0      0      0      0      0      0      0      0      0      0      0      0      0      0 |       0 
AUST        9      6      6      5      6     12     24      1      1     13      5      1      6      1      1      2      6      4      2      2      2      2 |       6 
Global     31     32     36     24     21     29     43     17     15     34     26     21     26     25     17     24     23     27     24     19     26     21 |      26 


Tropical deforestation & degradation: 

BONA        0      0      0      0      0      0      0      0      0      0      0      0      0      0      0      0      0      0      0      0      0      0 |       0 
TENA        0      0      0      0      0      0      0      0      0      0      0      0      0      0      0      0      0      0      0      0      0      0 |       0 
CEAM        5     81      5     14      3      5     28      2     17      7      9      6     10      2     14      2     14      2      6      8      9      6 |      12 
NHSA        7     12      4      6      7      2     21      4      3      1     10      3      2      7      0      2      3      5      5     19      2      6 |       6 
SHSA      102    183    154     72     35    102     90    166    232     90    267     65     25    283     51    108     41     79    120    108    108     60 |     116 
EURO        0      0      0      0      0      0      0      0      0      0      0      0      0      0      0      0      0      0      0      0      0      0 |       0 
MIDE        0      0      0      0      0      0      0      0      0      0      0      0      0      0      0      0      0      0      0      0      0      0 |       0 
NHAF       15     54     26     41     20     22     16     13     22     16     21     12     12     10     18     13     12     14     21     31     16     17 |      21 
SHAF        7      7      5     12     38     36     31     35     37     37     21     35     33     38     29     23     37     31     35     38     28     28 |      29 
BOAS        0      0      0      0      0      0      0      0      0      0      0      0      0      0      0      0      0      0      0      0      0      0 |       0 
TEAS        2      2      1      1      0      0      1      4      1      0      1      1      1      2      0      0      0      0      0      0      0      0 |       1 
SEAS       14     53     36     22     10     16     15     52     29     22     57     13     30     52     23     33     42     46     36     35     21     23 |      31 
EQAS      409     67     45     19     11    111     28     80     29    131     12      8     68      6     28     29     24     83    146     11     10     27 |      63 
AUST        1      1      2      1      3      2      3      1      2      2      0      1      4      0      2      2      3      3      4      1      2      3 |       2 
Global    564    464    282    191    131    299    237    361    375    309    402    147    189    405    170    216    179    267    378    254    200    174 |     282 


Peat fires: 

BONA        0      0      0      0      0      0      0      0      0      0      0      0      0      0      0      0      0      1      1      0      0      0 |       0 
TENA        0      0      0      0      0      0      0      0      0      0      0      0      0      0      0      0      0      0      0      0      0      0 |       0 
CEAM        0      0      0      0      0      0      0      0      0      0      0      0      0      0      0      0      0      0      0      0      0      0 |       0 
NHSA        0      0      0      0      0      0      0      0      0      0      0      0      0      0      0      0      0      0      0      0      0      0 |       0 
SHSA        0      0      0      0      0      0      0      0      0      0      0      0      0      0      0      0      0      0      0      0      0      0 |       0 
EURO        0      0      0      0      0      0      0      0      0      0      0      0      0      0      0      0      0      0      0      0      0      0 |       0 
MIDE        0      0      0      0      0      0      0      0      0      0      0      0      0      0      0      0      0      0      0      0      0      0 |       0 
NHAF        0      0      0      0      0      0      0      0      0      0      0      0      0      0      0      0      0      0      0      0      0      0 |       0 
SHAF        0      0      0      0      0      0      0      0      0      0      0      0      0      0      0      0      0      0      0      0      0      0 |       0 
BOAS        0      0      0      0      0      0      0      0      0      0      0      0      0      0      0      0      0      0      0      0      0      0 |       0 
TEAS        0      0      0      0      0      0      0      0      0      0      0      0      0      0      0      0      0      0      0      0      0      0 |       0 
SEAS        0      0      0      0      0      0      0      0      0      0      0      0      0      0      0      0      0      0      0      0      0      0 |       0 
EQAS       56      0      1      0      1     10      2      5      4     18      0      0     10      0      3      3      2     10     21      0      0      1 |       7 
AUST        0      0      0      0      0      0      0      0      0      0      0      0      0      0      0      0      0      0      0      0      0      0 |       0 
Global     56      1      2      0      1     11      3      6      4     19      0      0     11      0      4      4      3     11     22      1      0      2 |       8 


Agricultural waste burning: 

BONA        0      1      0      1      0      0      0      0      0      0      0      0      0      0      0      0      0      0      0      0      0      0 |       1 
TENA        1      1      1      1      1      0      2      2      2      1      2      2      2      4      2      1      1      1      2      2      2      1 |       2 
CEAM        2     10      2      5      1      2      3      3      4      3      3      2      3      2      3      1      3      1      2      2      3      2 |       3 
NHSA        1      1      0      0      1      0      1      0      0      0      1      0      1      1      0      0      0      1      1      1      0      1 |       1 
SHSA        6      7      7      4      3      4      4      5      4      4      5      5      4      5      3      5      5      4      5      5      4      2 |       5 
EURO        2      2      1      6      4      1      2      2      2      2      2      3      1      1      2      3      1      1      0      1      2      1 |       2 
MIDE        0      0      0      0      0      0      0      0      0      0      0      0      0      0      0      0      0      0      1      0      0      0 |       1 
NHAF       19     20     17     18     16     17     11     15     22     18     18     17     14     15     15     14     14     12     14     15     13     13 |      16 
SHAF       10     12     10      8     15     13      9     12     13     11      8      8      8      9      8      8      9      7      8      8      9      9 |      10 
BOAS       11     17      9      9      8      7     15      7      8     17      8     20      7     11      7      7      2     12      8      5      4      5 |      10 
TEAS       17     15     10     10     18     15      9     14     17     16     16     24     18     11     10     10     10     19     20     11     14     10 |      15 
SEAS        5      6      6      4      1      3      3      5      7      4      5      3      7      5      4      5      6      6      7      7      4      5 |       5 
EQAS       11      2      1      0      1      4      1      2      1      3      1      1      2      0      1      1      0      1      1      0      0      1 |       2 
AUST        1      1      1      0      1      1      0      1      1      1      0      0      0      0      1      1      0      0      0      0      1      0 |       1 
Global     90    102     73     74     78     74     67     75     87     87     75     91     74     71     63     63     57     72     76     62     63     56 |      74 

