# Global Fire Emissions Database version 4.1 including small fire burned area (GFED4s)  
# Estimates for 2017 onwards based on relations between active fires and emissions  

# NOTE THAT AQUA HAD ISSUES IN THE SECOND HALF OF AUGUST 2020; FOR THAT PERIOD THESE ESTIMATES ARE CONSERVATIVE  

# CH4 emissions estimates in 1E10 g CH4 for the globe, different regions, and different fire types 

All fire types combined: 

                                                                               Year                                                                 (Beta) (Beta) (Beta) (Beta) (Beta)  '97-'20  
Region   1997   1998   1999   2000   2001   2002   2003   2004   2005   2006   2007   2008   2009   2010   2011   2012   2013   2014   2015   2016   2017   2018   2019   2020   2021 |    Mean 
BONA       33    122     51     28     15    120     78    135     96     68     53     42     54     98     67     73    143    166    186     54    210    104    113     14    349 |      89 
TENA        7      9     13     13      8     11     11      9     10     13     19     14     10     13     13     16     11     12     21     13     26     27      8     58     50 |      16 
CEAM       15    143     17     41     11     15     51     12     39     21     24     20     24     14     33     11     30     10     17     20     24     16     28     25     18 |      28 
NHSA       21     30     15     19     23     11     40     17     13     10     25     13     14     19      6      9     11     18     17     35     10     21     34     25      8 |      20 
SHSA      217    314    280    130    103    206    173    273    351    156    415    130     67    432    103    201     93    142    199    185    191     98    206    265    211 |     206 
EURO        6      7      5     17     11      4      7      6      6      6      7      8      4      4      6     10      4      4      3      4      9      4      6      4      6 |       7 
MIDE        0      2      1      1      1      1      1      1      1      1      1      1      2      2      2      1      1      1      2      1      2      1      1      1      2 |       2 
NHAF      235    324    252    278    226    239    208    198    251    200    218    213    186    173    198    177    184    174    187    226    183    186    149    183    164 |     211 
SHAF      266    312    265    253    357    300    306    312    328    308    279    308    305    331    313    285    315    286    291    292    287    283    293    262    290 |     298 
BOAS      116    358    125    141    130    204    360     53     84    161     73    226     84    111    128    277    108    162    131    194    141    232    300    261    503 |     174 
TEAS       76     69     45     43     54     64     49     56     55     61     65     78     66     45     37     42     33     58     67     32     52     32     37     35     26 |      53 
SEAS       52    119     95     66     38     47     53    115     84     63    116     45     82    106     57     80     85    100     84     82     53     57     78     80     74 |      77 
EQAS     2478    126    124     37     70    509    125    308    180    825     33     26    463     16    171    170    120    476    921     36     22    124    536     17     15 |     330 
AUST       48     44     83     54     79     74     64     54     31     63     46     29     51     18     69     71     37     50     43     29     46     56    142     49     28 |      56 
Global   3578   1986   1378   1128   1133   1811   1536   1555   1535   1963   1380   1161   1420   1388   1211   1430   1182   1667   2175   1210   1263   1247   1937   1286   1751 |    1566 


Savanna, grassland, and shrubland fires: 

BONA        0      0      0      0      0      0      0      0      0      0      0      0      0      0      0      0      0      0      0      0      0      0      0      0      0 |       0 
TENA        1      1      2      3      1      2      1      1      2      3      2      2      2      1      3      3      1      1      3      2      4      7      1      8      5 |       3 
CEAM        4     25      5     11      3      4     10      2      9      5      5      5      5      4      8      3      6      3      4      4      6      4      7      6      4 |       7 
NHSA       10     13      8     11     10      7     13     10      7      6     11      7      8      8      4      5      6      9      8     10      6     10     12     12      5 |       9 
SHSA       79     82     80     34     51     73     54     66     70     39     91     41     24     91     32     61     31     38     47     45     53     28     60     74     72 |      57 
EURO        0      1      0      2      0      0      1      0      1      0      1      0      0      0      0      1      0      0      0      0      1      0      0      0      1 |       1 
MIDE        0      0      0      0      0      0      0      0      0      0      0      0      0      0      0      0      0      0      0      0      0      0      0      0      1 |       0 
NHAF      176    217    184    190    167    175    164    149    177    140    154    161    141    126    144    131    140    131    131    155    133    137    107    133    119 |     153 
SHAF      235    276    236    219    279    229    248    244    256    240    236    248    249    267    259    237    252    233    231    230    232    225    236    209    232 |     242 
BOAS        1      1      0      0      0      0      1      1      0      2      0      2      1      0      0      0      0      0      0      0      0      0      0      0      1 |       1 
TEAS       10      8      5      5      5     12      7      8      8      9      6      6      5      8      5      6      3      7      8      4     10      4      7      4      4 |       7 
SEAS       20     39     28     24     17     19     22     36     29     22     33     18     24     27     16     22     18     24     22     19     16     16     23     24     21 |      24 
EQAS       39     10      5      2      3     13      5     10      3     11      4      3      6      3      3      3      3      6     11      2      1      3      7      1      1 |       7 
AUST       33     31     68     43     64     52     26     46     25     40     37     25     36     15     62     62     24     38     33     22     36     45     49     21     23 |      39 
Global    614    711    627    550    608    592    558    580    594    523    586    523    505    556    542    541    488    497    503    500    504    485    515    497    496 |     550 


Boreal forest fires: 

BONA       23     95     39     20      9     95     54    118     77     54     42     34     44     78     55     52    111    122    146     39    189     90     88     11    288 |      71 
TENA        0      0      0      0      0      0      0      0      0      0      0      0      0      0      0      0      0      0      0      0      0      0      0      0      0 |       0 
CEAM        0      0      0      0      0      0      0      0      0      0      0      0      0      0      0      0      0      0      0      0      0      0      0      0      0 |       0 
NHSA        0      0      0      0      0      0      0      0      0      0      0      0      0      0      0      0      0      0      0      0      0      0      0      0      0 |       0 
SHSA        0      0      0      0      0      0      0      0      0      0      0      0      0      0      0      0      0      0      0      0      0      0      0      0      0 |       0 
EURO        0      0      0      0      0      0      0      0      0      0      0      0      0      0      0      0      0      0      0      0      0      0      0      0      0 |       0 
MIDE        0      0      0      0      0      0      0      0      0      0      0      0      0      0      0      0      0      0      0      0      0      0      0      0      0 |       0 
NHAF        0      0      0      0      0      0      0      0      0      0      0      0      0      0      0      0      0      0      0      0      0      0      0      0      0 |       0 
SHAF        0      0      0      0      0      0      0      0      0      0      0      0      0      0      0      0      0      0      0      0      0      0      0      0      0 |       0 
BOAS       84    304     97    112     99    176    305     31     58    111     51    169     58     66    106    244     94    127    108    167    124    206    270    237    465 |     142 
TEAS       19     15      6     10      3     14     15      6      2     11     15     11     12      2      3     10      1      2     10      1      5      2      2      1      0 |       8 
SEAS        0      0      0      0      0      0      0      0      0      0      0      0      0      0      0      0      0      0      0      0      0      0      0      0      0 |       0 
EQAS        0      0      0      0      0      0      0      0      0      0      0      0      0      0      0      0      0      0      0      0      0      0      0      0      0 |       0 
AUST        0      0      0      0      0      0      0      0      0      0      0      0      0      0      0      0      0      0      0      0      0      0      0      0      0 |       0 
Global    127    414    143    143    112    285    375    155    137    177    109    216    115    147    165    307    208    253    264    209    319    300    361    251    754 |     221 


Temperate forest fires: 

BONA        3      4      1      0      1      1      2      0      0      1      0      0      1      3      0      1      0      2      2      1      7      5     10      0     13 |       2 
TENA        2      3      7      6      3      6      4      2      3      5     10      7      3      2      4      9      6      6     12      5     16     15      2     43     39 |       8 
CEAM        0      1      0      0      0      0      0      0      0      0      0      1      0      0      0      0      0      0      0      0      0      0      0      0      0 |       0 
NHSA        0      0      0      0      0      0      0      0      0      0      0      0      0      0      0      0      0      0      0      0      0      0      0      0      0 |       0 
SHSA        5      4      6      4      2      3      4      4      3      2      3      3      3      3      3      3      3      2      2      2      5      2      2      5      2 |       4 
EURO        0      0      0      1      0      0      1      0      0      0      0      0      0      0      0      1      0      0      0      0      1      0      0      0      1 |       1 
MIDE        0      0      0      0      0      0      0      0      0      0      0      0      0      0      0      0      0      0      0      0      0      0      0      0      0 |       0 
NHAF        0      0      0      0      0      0      0      0      0      0      0      0      0      0      0      0      0      0      0      0      0      0      0      0      0 |       0 
SHAF        0      0      0      0      0      0      0      0      0      0      0      0      0      0      0      0      0      0      0      0      0      1      0      0      0 |       0 
BOAS        3      2      3      0      1      3      0      1      0      5      1      2      2      7      1      0      0      2      1      0      0      1      1      0      1 |       2 
TEAS        8      9      7      3      4      3      3      5      3      4      4      6      7      6      5      3      4      6      5      3      2      3      3      4      3 |       5 
SEAS        3      5     10      6      4      2      5      5      5      6      4      4      7      6      3      7      5      8      3      6      3      3      4      3      7 |       5 
EQAS        0      0      0      0      0      0      0      0      0      0      0      0      0      0      0      0      0      0      0      0      0      0      0      0      0 |       0 
AUST       11      8      8      6      7     16     32      2      1     17      7      1      7      1      1      3      8      5      3      3      2      3     82     24      0 |      11 
Global     40     41     46     31     27     38     55     22     19     44     34     27     34     32     22     31     30     35     31     25     42     36    108     83     71 |      39 


Tropical deforestation & degradation: 

BONA        0      0      0      0      0      0      0      0      0      0      0      0      0      0      0      0      0      0      0      0      0      0      0      0      0 |       0 
TENA        0      0      0      0      0      0      0      0      0      0      0      0      0      0      0      0      0      0      0      0      0      0      0      0      0 |       0 
CEAM        6     93      5     17      4      6     32      2     20      8     10      7     11      2     16      2     16      3      7      9     11      6     13     11      7 |      14 
NHSA        8     14      4      7      9      2     25      5      3      1     11      3      3      8      0      2      3      6      6     21      3      8     19      9      2 |       8 
SHSA      117    211    177     82     41    118    104    191    268    104    308     75     29    326     59    124     48     91    138    125    122     61    134    173    126 |     135 
EURO        0      0      0      0      0      0      0      0      0      0      0      0      0      0      0      0      0      0      0      0      0      0      0      0      0 |       0 
MIDE        0      0      0      0      0      0      0      0      0      0      0      0      0      0      0      0      0      0      0      0      0      0      0      0      0 |       0 
NHAF       17     62     30     47     23     26     18     15     25     19     24     14     14     12     21     15     14     16     25     36     18     19     16     19     15 |      23 
SHAF        8      9      6     14     43     41     36     41     43     42     24     40     38     44     34     27     42     36     41     43     36     35     36     34     36 |      34 
BOAS        0      0      0      0      0      0      0      0      0      0      0      0      0      0      0      0      0      0      0      0      0      0      0      0      0 |       0 
TEAS        2      3      2      1      0      0      1      4      1      0      2      1      1      3      0      0      0      0      0      0      0      0      0      0      0 |       1 
SEAS       17     61     42     26     12     19     17     60     33     25     66     15     35     60     27     38     48     53     41     40     24     26     36     39     33 |      36 
EQAS      471     77     52     22     12    127     32     93     34    151     14      9     79      7     32     34     28     96    169     13      9     34     96      7      5 |      71 
AUST        1      1      3      1      3      3      3      2      2      2      0      1      5      0      2      3      4      3      5      2      3      5      4      1      1 |       3 
Global    650    535    325    220    151    345    273    416    433    356    464    170    218    466    196    249    207    308    435    293    229    198    358    297    229 |     325 


Peat fires: 

BONA        4     18      9      3      2     22     21     16     17     11      9      7      7     15     10     18     29     39     37     13     12      7     13      0     44 |      15 
TENA        0      0      0      0      0      0      0      0      0      0      0      0      0      0      0      0      0      0      0      0      0      0      0      0      0 |       0 
CEAM        0      0      0      0      0      0      0      0      0      0      0      0      0      0      0      0      0      0      0      0      0      0      0      0      0 |       0 
NHSA        0      0      0      0      0      0      0      0      0      0      0      0      0      0      0      0      0      0      0      0      0      0      0      0      0 |       0 
SHSA        0      0      0      0      0      0      0      0      0      0      0      0      0      0      0      0      0      0      0      0      0      0      0      0      0 |       0 
EURO        0      0      0      0      0      0      0      0      0      0      0      0      0      0      0      0      0      0      0      0      0      0      0      0      0 |       0 
MIDE        0      0      0      0      0      0      0      0      0      0      0      0      0      0      0      0      0      0      0      0      0      0      0      0      0 |       0 
NHAF        0      0      0      0      0      0      0      0      0      0      0      0      0      0      0      0      0      0      0      0      0      0      0      0      0 |       0 
SHAF        0      0      0      0      0      0      0      0      0      0      0      0      0      0      0      0      0      0      0      0      0      0      0      0      0 |       0 
BOAS        3     11      4      7     10      8     20      2      5      4      3      8      5     12      3     15      8      5      3     13      3     11     13     11     21 |       8 
TEAS        0      0      0      0      0      0      0      0      0      0      0      0      0      0      0      0      0      0      0      0      0      0      0      0      0 |       0 
SEAS        0      0      0      0      0      0      0      0      0      0      0      0      0      0      0      0      0      0      0      0      0      0      0      0      0 |       0 
EQAS     1942     33     63     10     51    359     84    198    139    655     11     10    373      3    132    130     86    370    735     19      9     84    428      7      7 |     248 
AUST        0      0      0      0      0      0      0      0      0      0      0      0      0      0      0      0      0      0      0      0      0      0      0      0      0 |       0 
Global   1949     63     77     22     65    390    126    217    162    671     24     25    387     31    146    164    124    415    776     46     25    103    455     19     73 |     271 


Agricultural waste burning: 

BONA        1      4      1      3      1      1      0      0      1      0      0      0      1      0      0      1      0      1      1      0      1      1      1      1      2 |       1 
TENA        3      3      3      3      3      2      4      5      4      4      5      4      5      9      5      3      3      3      6      4      6      4      3      7      5 |       5 
CEAM        5     22      5     11      3      4      8      7      8      7      7      5      7      6      7      4      7      4      5      5      6      4      7      6      5 |       7 
NHSA        2      3      2      1      3      1      2      2      1      2      2      2      3      2      0      1      1      2      2      2      1      2      2      3      1 |       2 
SHSA       14     15     15      9      7     10     10     11      9     10     11     10     10     11      8     11     11      9     10     11      9      6      8     12      9 |      11 
EURO        4      4      4     14     10      3      4      6      4      5      5      7      3      3      5      7      3      4      2      3      5      3      4      3      4 |       5 
MIDE        0      1      1      0      1      0      1      1      1      1      1      0      1      1      1      1      1      1      2      1      1      0      1      1      1 |       1 
NHAF       41     44     37     40     35     37     25     33     48     40     39     38     30     33     32     30     30     26     31     34     30     29     26     31     29 |      35 
SHAF       21     26     21     18     33     28     20     26     28     25     18     18     17     20     18     19     19     16     18     18     18     20     19     18     20 |      21 
BOAS       23     38     19     19     17     16     32     16     19     37     17     43     16     24     17     15      4     26     18     11     11     11     14     11     13 |      20 
TEAS       36     32     23     21     40     33     20     31     38     35     36     52     39     24     22     21     23     41     43     23     32     21     24     24     16 |      31 
SEAS       10     14     13     10      3      6      7     12     16      9     11      7     15     11     10     11     12     14     16     15      9     11     14     13     12 |      12 
EQAS       24      5      3      1      2      8      3      5      3      7      2      3      4      1      3      2      1      2      4      1      1      2      4      0      1 |       4 
AUST        2      2      3      1      3      2      1      3      2      2      0      0      1      1      2      2      1      1      1      1      3      2      5      1      1 |       2 
Global    194    219    157    160    168    159    146    163    187    189    162    197    159    153    137    136    123    157    164    135    141    122    138    138    125 |     159 

